date,open,high,low,close
2021-08-10,443.0,449.0,441.0,443.0
2021-08-11,450.0,457.0,450.0,456.0
2021-08-12,456.0,460.0,455.0,458.0
2021-08-13,460.0,460.0,452.0,460.0
2021-08-16,459.0,459.0,451.0,452.0
2021-08-17,456.0,462.0,454.0,456.0
2021-08-18,458.0,458.0,447.0,447.0
2021-08-19,444.0,444.0,430.0,430.0
2021-08-20,431.0,432.0,413.0,415.0
2021-08-23,420.0,428.0,420.0,425.0
2021-08-24,428.0,434.0,427.0,430.0
2021-08-25,434.0,437.0,425.0,429.0
2021-08-26,432.0,438.0,432.0,437.0
2021-08-27,432.0,434.0,431.0,432.0
2021-08-30,431.0,435.0,425.0,429.0
2021-08-31,427.0,427.0,421.0,425.0
2021-09-01,423.0,425.0,418.0,422.0
2021-09-02,420.0,422.0,416.0,419.0
2021-09-03,419.0,422.0,418.0,420.0
2021-09-06,420.0,425.0,418.0,420.0
2021-09-07,421.0,427.0,419.0,425.0
2021-09-08,425.0,435.0,423.0,435.0
2021-09-09,431.0,438.0,428.0,430.0
2021-09-10,430.0,445.0,430.0,445.0
2021-09-13,442.0,448.0,442.0,446.0
2021-09-14,449.0,450.0,443.0,450.0
2021-09-15,447.0,449.0,441.0,449.0
2021-09-16,450.0,452.0,444.0,451.0
2021-09-17,452.0,462.0,449.0,462.0
2021-09-21,454.0,455.0,448.0,451.0
2021-09-22,450.0,450.0,439.0,439.0
2021-09-24,451.0,466.0,450.0,466.0
2021-09-27,467.0,474.0,463.0,465.0
2021-09-28,465.0,480.0,460.0,478.0
2021-09-29,466.0,473.0,462.0,466.0
2021-09-30,466.0,474.0,462.0,462.0
2021-10-01,460.0,463.0,450.0,457.0
2021-10-04,463.0,463.0,455.0,459.0
2021-10-05,456.0,457.0,445.0,453.0
2021-10-06,461.0,470.0,457.0,461.0
2021-10-07,461.0,468.0,454.0,455.0
2021-10-08,462.0,468.0,461.0,464.0
2021-10-11,467.0,477.0,465.0,477.0
2021-10-12,476.0,480.0,474.0,476.0
2021-10-13,476.0,478.0,470.0,470.0
2021-10-14,467.0,467.0,455.0,457.0
2021-10-15,463.0,477.0,459.0,475.0
2021-10-18,479.0,480.0,475.0,477.0
2021-10-19,479.0,480.0,471.0,471.0
2021-10-20,474.0,476.0,461.0,465.0
2021-10-21,461.0,465.0,453.0,453.0
2021-10-22,448.0,461.0,446.0,452.0
2021-10-25,449.0,454.0,447.0,448.0
2021-10-26,448.0,457.0,448.0,455.0
2021-10-27,450.0,453.0,449.0,449.0
2021-10-28,449.0,462.0,445.0,462.0
2021-10-29,458.0,463.0,454.0,458.0
2021-11-01,458.0,474.0,457.0,470.0
2021-11-02,471.0,475.0,461.0,462.0
2021-11-04,472.0,498.0,470.0,495.0
2021-11-05,490.0,490.0,475.0,475.0
2021-11-08,478.0,522.0,478.0,517.0
2021-11-09,517.0,530.0,506.0,514.0
2021-11-10,510.0,516.0,507.0,511.0
2021-11-11,510.0,516.0,501.0,513.0
2021-11-12,513.0,524.0,506.0,510.0
2021-11-15,512.0,515.0,503.0,509.0
2021-11-16,510.0,510.0,485.0,485.0
2021-11-17,486.0,492.0,485.0,485.0
2021-11-18,485.0,487.0,466.0,484.0
2021-11-19,484.0,485.0,469.0,481.0
2021-11-22,476.0,485.0,471.0,485.0
2021-11-24,484.0,493.0,481.0,489.0
2021-11-25,491.0,491.0,480.0,480.0
2021-11-26,481.0,481.0,462.0,464.0
2021-11-29,456.0,462.0,444.0,444.0
2021-11-30,446.0,455.0,436.0,436.0
2021-12-01,429.0,436.0,416.0,430.0
2021-12-02,423.0,429.0,419.0,421.0
2021-12-03,425.0,444.0,424.0,443.0
2021-12-06,445.0,461.0,445.0,450.0
2021-12-07,461.0,483.0,460.0,483.0
2021-12-08,489.0,497.0,483.0,493.0
2021-12-09,498.0,512.0,487.0,512.0
2021-12-10,500.0,504.0,485.0,493.0
2021-12-13,501.0,503.0,496.0,501.0
2021-12-14,493.0,500.0,491.0,499.0
2021-12-15,496.0,504.0,492.0,498.0
2021-12-16,505.0,505.0,497.0,500.0
2021-12-17,501.0,507.0,500.0,506.0
2021-12-20,498.0,500.0,489.0,491.0
2021-12-21,497.0,497.0,491.0,495.0
2021-12-22,493.0,498.0,490.0,492.0
2021-12-23,493.0,498.0,492.0,498.0
2021-12-24,506.0,508.0,498.0,506.0
2021-12-27,506.0,508.0,502.0,505.0
2021-12-28,508.0,514.0,504.0,514.0
2021-12-29,516.0,530.0,514.0,525.0
2021-12-30,525.0,533.0,517.0,533.0
2022-01-04,535.0,536.0,521.0,525.0
2022-01-05,524.0,527.0,515.0,518.0
2022-01-06,509.0,514.0,499.0,499.0
2022-01-07,507.0,518.0,507.0,518.0
2022-01-11,513.0,514.0,502.0,503.0
2022-01-12,511.0,511.0,507.0,510.0
2022-01-13,508.0,510.0,505.0,506.0
2022-01-14,500.0,504.0,495.0,500.0
2022-01-17,504.0,504.0,496.0,497.0
2022-01-18,497.0,502.0,489.0,496.0
2022-01-19,488.0,495.0,477.0,477.0
2022-01-20,474.0,489.0,474.0,482.0
2022-01-21,470.0,474.0,466.0,471.0
2022-01-24,466.0,477.0,462.0,477.0
2022-01-25,480.0,484.0,470.0,474.0
2022-01-26,479.0,484.0,475.0,479.0
2022-01-27,483.0,487.0,458.0,466.0
2022-01-28,482.0,497.0,482.0,492.0
2022-01-31,500.0,518.0,494.0,517.0
2022-02-01,518.0,519.0,503.0,519.0
2022-02-02,520.0,558.0,520.0,558.0
2022-02-03,553.0,557.0,540.0,546.0
2022-02-04,543.0,577.0,543.0,576.0
2022-02-07,596.0,611.0,569.0,571.0
2022-02-08,566.0,571.0,546.0,549.0
2022-02-09,556.0,559.0,546.0,554.0
2022-02-10,558.0,558.0,530.0,540.0
2022-02-14,530.0,532.0,520.0,529.0
2022-02-15,530.0,534.0,508.0,520.0
2022-02-16,530.0,540.0,525.0,528.0
2022-02-17,529.0,529.0,516.0,518.0
2022-02-18,511.0,524.0,506.0,523.0
2022-02-21,516.0,531.0,506.0,531.0
2022-02-22,525.0,540.0,518.0,539.0
2022-02-24,540.0,540.0,517.0,527.0
2022-02-25,527.0,535.0,521.0,525.0
2022-02-28,526.0,538.0,522.0,534.0
2022-03-01,542.0,544.0,534.0,540.0
2022-03-02,528.0,528.0,510.0,510.0
2022-03-03,520.0,532.0,517.0,528.0
2022-03-04,527.0,528.0,508.0,513.0
2022-03-07,505.0,512.0,489.0,507.0
2022-03-08,501.0,504.0,477.0,485.0
2022-03-09,484.0,510.0,484.0,504.0
2022-03-10,515.0,535.0,509.0,535.0
2022-03-11,525.0,538.0,520.0,534.0
2022-03-14,541.0,550.0,534.0,534.0
2022-03-15,535.0,539.0,529.0,535.0
2022-03-16,540.0,540.0,528.0,531.0
2022-03-17,535.0,538.0,527.0,538.0
2022-03-18,541.0,551.0,537.0,551.0
2022-03-22,560.0,573.0,555.0,567.0
2022-03-23,574.0,580.0,556.0,560.0
2022-03-24,551.0,563.0,544.0,563.0
2022-03-25,571.0,579.0,567.0,574.0
2022-03-28,581.0,605.0,575.0,605.0
2022-03-29,613.0,618.0,593.0,618.0
2022-03-30,600.0,613.0,583.0,613.0
2022-03-31,608.0,618.0,590.0,595.0
2022-04-01,590.0,590.0,569.0,589.0
2022-04-04,589.0,589.0,576.0,582.0
2022-04-05,591.0,595.0,576.0,576.0
2022-04-06,577.0,591.0,572.0,587.0
2022-04-07,587.0,605.0,575.0,605.0
2022-04-08,609.0,614.0,585.0,589.0
2022-04-11,598.0,614.0,594.0,608.0
2022-04-12,607.0,612.0,597.0,605.0
2022-04-13,600.0,610.0,584.0,610.0
2022-04-14,610.0,610.0,599.0,600.0
2022-04-15,593.0,602.0,588.0,602.0
2022-04-18,602.0,617.0,599.0,617.0
2022-04-19,618.0,653.0,618.0,645.0
2022-04-20,655.0,667.0,641.0,645.0
2022-04-21,645.0,651.0,627.0,633.0
2022-04-22,620.0,627.0,615.0,624.0
2022-04-25,622.0,622.0,600.0,602.0
2022-04-26,607.0,617.0,595.0,604.0
2022-04-27,590.0,598.0,570.0,597.0
2022-04-28,605.0,630.0,605.0,626.0
2022-05-02,629.0,641.0,614.0,619.0
2022-05-06,619.0,649.0,613.0,649.0
2022-05-09,640.0,642.0,607.0,609.0
2022-05-10,605.0,609.0,580.0,592.0
2022-05-11,590.0,597.0,583.0,594.0
2022-05-12,592.0,595.0,581.0,581.0
2022-05-13,561.0,595.0,555.0,576.0
2022-05-16,570.0,576.0,551.0,561.0
2022-05-17,569.0,570.0,560.0,565.0
2022-05-18,571.0,574.0,562.0,568.0
2022-05-19,551.0,564.0,544.0,558.0
2022-05-20,558.0,561.0,552.0,560.0
2022-05-23,568.0,578.0,564.0,578.0
2022-05-24,578.0,578.0,565.0,568.0
2022-05-25,568.0,568.0,554.0,554.0
2022-05-26,561.0,563.0,549.0,553.0
2022-05-27,561.0,561.0,547.0,551.0
2022-05-30,557.0,573.0,552.0,571.0
2022-05-31,568.0,570.0,560.0,562.0
2022-06-01,562.0,572.0,561.0,572.0
2022-06-02,572.0,582.0,564.0,576.0
2022-06-03,582.0,582.0,570.0,575.0
2022-06-06,572.0,575.0,569.0,573.0
2022-06-07,576.0,587.0,575.0,581.0
2022-06-08,588.0,616.0,586.0,616.0
2022-06-09,615.0,630.0,606.0,625.0
2022-06-10,624.0,627.0,607.0,611.0
2022-06-13,601.0,608.0,594.0,604.0
2022-06-14,591.0,601.0,586.0,598.0
2022-06-15,590.0,601.0,583.0,589.0
2022-06-16,599.0,617.0,597.0,606.0
2022-06-17,585.0,602.0,585.0,597.0
2022-06-20,606.0,606.0,581.0,582.0
2022-06-21,585.0,606.0,584.0,600.0
2022-06-22,608.0,609.0,599.0,605.0
2022-06-23,605.0,609.0,595.0,599.0
2022-06-24,600.0,602.0,587.0,600.0
2022-06-27,605.0,623.0,595.0,596.0
2022-06-28,596.0,606.0,594.0,603.0
2022-06-29,601.0,617.0,596.0,617.0
2022-06-30,613.0,613.0,596.0,597.0
2022-07-01,597.0,600.0,581.0,584.0
2022-07-04,589.0,592.0,579.0,589.0
2022-07-05,586.0,593.0,583.0,585.0
2022-07-06,580.0,581.0,575.0,578.0
2022-07-07,583.0,591.0,577.0,586.0
2022-07-08,589.0,596.0,581.0,584.0
2022-07-11,590.0,602.0,590.0,601.0
2022-07-12,595.0,595.0,577.0,577.0
2022-07-13,580.0,586.0,575.0,586.0
2022-07-14,587.0,594.0,582.0,594.0
2022-07-15,595.0,595.0,581.0,583.0
2022-07-19,590.0,602.0,587.0,602.0
2022-07-20,606.0,623.0,605.0,621.0
2022-07-21,622.0,640.0,621.0,630.0
2022-07-22,650.0,689.0,648.0,663.0
2022-07-25,663.0,663.0,640.0,653.0
2022-07-26,653.0,681.0,653.0,670.0
2022-07-27,673.0,692.0,671.0,691.0
2022-07-28,694.0,702.0,672.0,697.0
2022-07-29,737.0,769.0,730.0,760.0
2022-08-01,760.0,787.0,757.0,787.0
2022-08-02,781.0,783.0,750.0,768.0
2022-08-03,772.0,799.0,766.0,799.0
2022-08-04,795.0,822.0,761.0,802.0
2022-08-05,795.0,812.0,780.0,791.0
2022-08-08,785.0,818.0,785.0,817.0
2022-08-09,817.0,831.0,811.0,819.0
2022-08-10,819.0,853.0,819.0,841.0
2022-08-12,864.0,884.0,861.0,879.0
2022-08-15,870.0,870.0,845.0,852.0
2022-08-16,837.0,837.0,804.0,837.0
2022-08-17,849.0,866.0,842.0,860.0
2022-08-18,846.0,868.0,844.0,857.0
2022-08-19,858.0,876.0,847.0,849.0
2022-08-22,839.0,848.0,825.0,847.0
2022-08-23,844.0,858.0,836.0,857.0
2022-08-24,857.0,872.0,849.0,857.0
2022-08-25,865.0,874.0,846.0,848.0
2022-08-26,853.0,861.0,842.0,846.0
2022-08-29,825.0,857.0,825.0,848.0
2022-08-30,856.0,879.0,856.0,872.0
2022-08-31,870.0,874.0,862.0,873.0
2022-09-01,864.0,889.0,862.0,886.0
2022-09-02,900.0,916.0,876.0,905.0
2022-09-05,900.0,902.0,881.0,885.0
2022-09-06,898.0,918.0,889.0,896.0
2022-09-07,911.0,930.0,893.0,910.0
2022-09-08,917.0,921.0,900.0,921.0
2022-09-09,921.0,958.0,921.0,957.0
2022-09-12,964.0,974.0,918.0,919.0
2022-09-13,907.0,919.0,875.0,916.0
2022-09-14,888.0,916.0,882.0,912.0
2022-09-15,911.0,935.0,904.0,931.0
2022-09-16,923.0,942.0,913.0,936.0
2022-09-20,935.0,951.0,906.0,930.0
2022-09-21,920.0,929.0,912.0,913.0
2022-09-22,905.0,922.0,901.0,916.0
2022-09-26,901.0,901.0,863.0,864.0
2022-09-27,875.0,902.0,872.0,890.0
2022-09-28,900.0,900.0,846.0,868.0
2022-09-29,872.0,891.0,864.0,878.0
2022-09-30,863.0,869.0,845.0,862.0
2022-10-03,848.0,862.0,831.0,854.0
2022-10-04,866.0,919.0,866.0,919.0
2022-10-05,924.0,931.0,889.0,889.0
2022-10-06,904.0,926.0,892.0,892.0
2022-10-07,885.0,914.0,876.0,912.0
2022-10-11,905.0,905.0,883.0,888.0
2022-10-12,882.0,894.0,878.0,890.0
2022-10-13,889.0,889.0,856.0,856.0
2022-10-14,886.0,892.0,877.0,882.0
2022-10-17,872.0,884.0,864.0,873.0
2022-10-18,878.0,888.0,871.0,887.0
2022-10-19,887.0,891.0,880.0,881.0
2022-10-20,873.0,878.0,861.0,867.0
2022-10-21,860.0,860.0,835.0,849.0
2022-10-24,864.0,880.0,859.0,867.0
2022-10-25,875.0,928.0,872.0,924.0
2022-10-26,922.0,926.0,886.0,896.0
2022-10-27,895.0,917.0,892.0,895.0
2022-10-28,925.0,1010.0,861.0,865.0
2022-10-31,865.0,877.0,834.0,866.0
2022-11-01,868.0,874.0,852.0,867.0
2022-11-02,860.0,962.0,856.0,962.0
2022-11-04,956.0,983.0,924.0,929.0
2022-11-07,926.0,934.0,877.0,897.0
2022-11-08,912.0,919.0,896.0,901.0
2022-11-09,900.0,957.0,894.0,954.0
2022-11-10,953.0,1015.0,946.0,982.0
2022-11-11,977.0,977.0,940.0,952.0
2022-11-14,922.0,938.0,903.0,913.0
2022-11-15,912.0,933.0,906.0,907.0
2022-11-16,919.0,954.0,905.0,945.0
2022-11-17,945.0,961.0,928.0,930.0
2022-11-18,931.0,942.0,917.0,924.0
2022-11-21,929.0,948.0,924.0,939.0
2022-11-22,944.0,949.0,925.0,949.0
2022-11-24,949.0,995.0,948.0,982.0
2022-11-25,976.0,981.0,950.0,964.0
2022-11-28,967.0,978.0,947.0,952.0
2022-11-29,945.0,967.0,929.0,961.0
2022-11-30,950.0,974.0,950.0,967.0
2022-12-01,978.0,983.0,955.0,972.0
2022-12-02,965.0,965.0,933.0,951.0
2022-12-05,942.0,942.0,892.0,907.0
2022-12-06,901.0,918.0,890.0,907.0
2022-12-07,902.0,913.0,901.0,905.0
2022-12-08,898.0,901.0,879.0,894.0
2022-12-09,889.0,904.0,887.0,889.0
2022-12-12,889.0,894.0,876.0,892.0
2022-12-13,898.0,909.0,890.0,890.0
2022-12-14,890.0,901.0,885.0,899.0
2022-12-15,900.0,917.0,898.0,914.0
2022-12-16,900.0,907.0,890.0,891.0
2022-12-19,882.0,902.0,874.0,896.0
2022-12-20,886.0,904.0,850.0,860.0
2022-12-21,848.0,848.0,809.0,818.0
2022-12-22,829.0,829.0,794.0,797.0
2022-12-23,790.0,790.0,752.0,752.0
2022-12-26,767.0,771.0,754.0,765.0
2022-12-27,774.0,794.0,773.0,783.0
2022-12-28,783.0,790.0,768.0,774.0
2022-12-29,778.0,783.0,768.0,782.0
2022-12-30,782.0,789.0,775.0,775.0
2023-01-04,760.0,764.0,751.0,754.0
2023-01-05,751.0,759.0,745.0,751.0
2023-01-06,743.0,759.0,740.0,753.0
2023-01-10,761.0,775.0,756.0,757.0
2023-01-11,764.0,775.0,757.0,775.0
2023-01-12,775.0,775.0,763.0,768.0
2023-01-13,768.0,771.0,754.0,760.0
2023-01-16,749.0,750.0,721.0,722.0
2023-01-17,723.0,744.0,722.0,726.0
2023-01-18,725.0,755.0,715.0,749.0
2023-01-19,739.0,745.0,731.0,739.0
2023-01-20,745.0,782.0,745.0,780.0
2023-01-23,802.0,814.0,783.0,810.0
2023-01-24,832.0,838.0,807.0,812.0
2023-01-25,811.0,835.0,805.0,828.0
2023-01-26,834.0,834.0,809.0,825.0
2023-01-27,714.0,733.0,678.0,701.0
2023-01-30,697.0,699.0,680.0,683.0
2023-01-31,680.0,682.0,660.0,670.0
2023-02-01,667.0,677.0,663.0,673.0
2023-02-02,676.0,683.0,663.0,668.0
2023-02-03,666.0,674.0,659.0,674.0
2023-02-06,679.0,683.0,672.0,677.0
2023-02-07,681.0,683.0,667.0,668.0
2023-02-08,671.0,675.0,665.0,669.0
2023-02-09,664.0,671.0,658.0,669.0
2023-02-10,669.0,677.0,664.0,668.0
2023-02-13,670.0,671.0,661.0,667.0
2023-02-14,670.0,674.0,666.0,671.0
2023-02-15,669.0,673.0,661.0,664.0
2023-02-16,668.0,674.0,666.0,672.0
2023-02-17,666.0,671.0,665.0,667.0
2023-02-20,670.0,673.0,663.0,672.0
2023-02-21,676.0,680.0,672.0,677.0
2023-02-22,674.0,676.0,666.0,668.0
2023-02-24,673.0,676.0,667.0,670.0
2023-02-27,670.0,683.0,669.0,677.0
2023-02-28,679.0,686.0,674.0,678.0
2023-03-01,678.0,687.0,677.0,681.0
2023-03-02,684.0,685.0,674.0,676.0
2023-03-03,674.0,682.0,671.0,682.0
2023-03-06,685.0,691.0,683.0,683.0
2023-03-07,688.0,689.0,681.0,686.0
2023-03-08,685.0,694.0,685.0,691.0
2023-03-09,696.0,703.0,695.0,702.0
2023-03-10,696.0,702.0,687.0,690.0
2023-03-13,679.0,683.0,668.0,683.0
2023-03-14,673.0,673.0,656.0,659.0
2023-03-15,669.0,672.0,660.0,663.0
2023-03-16,643.0,648.0,608.0,626.0
2023-03-17,629.0,638.0,622.0,628.0
2023-03-20,621.0,622.0,601.0,604.0
2023-03-22,615.0,624.0,614.0,615.0
2023-03-23,621.0,644.0,620.0,642.0
2023-03-24,640.0,640.0,628.0,635.0
2023-03-27,639.0,639.0,626.0,632.0
2023-03-28,639.0,646.0,629.0,630.0
2023-03-29,632.0,639.0,630.0,639.0
2023-03-30,622.0,637.0,618.0,635.0
2023-03-31,637.0,643.0,630.0,634.0
2023-04-03,639.0,640.0,628.0,635.0
2023-04-04,633.0,635.0,628.0,632.0
2023-04-05,628.0,628.0,612.0,615.0
2023-04-06,600.0,607.0,597.0,603.0
2023-04-07,607.0,611.0,603.0,604.0
2023-04-10,608.0,612.0,601.0,605.0
2023-04-11,608.0,614.0,608.0,613.0
2023-04-12,613.0,618.0,611.0,615.0
2023-04-13,616.0,616.0,607.0,615.0
2023-04-14,615.0,617.0,612.0,614.0
2023-04-17,615.0,616.0,610.0,615.0
2023-04-18,618.0,618.0,611.0,618.0
2023-04-19,617.0,619.0,611.0,616.0
2023-04-20,611.0,618.0,611.0,615.0
2023-04-21,612.0,616.0,610.0,613.0
2023-04-24,615.0,622.0,611.0,618.0
2023-04-25,620.0,627.0,616.0,616.0
2023-04-26,614.0,616.0,608.0,614.0
2023-04-27,614.0,618.0,613.0,616.0
2023-04-28,619.0,623.0,617.0,620.0
2023-05-01,624.0,630.0,623.0,629.0
2023-05-02,631.0,631.0,621.0,628.0
2023-05-08,635.0,637.0,632.0,634.0
2023-05-09,636.0,636.0,628.0,631.0
2023-05-10,630.0,630.0,619.0,622.0
2023-05-11,622.0,624.0,615.0,616.0
2023-05-12,615.0,618.0,608.0,613.0
2023-05-15,585.0,598.0,581.0,593.0
2023-05-16,592.0,598.0,583.0,596.0
2023-05-17,598.0,598.0,582.0,583.0
2023-05-18,585.0,590.0,582.0,582.0
2023-05-19,582.0,587.0,579.0,583.0
2023-05-22,583.0,583.0,575.0,579.0
2023-05-23,580.0,581.0,570.0,573.0
2023-05-24,573.0,579.0,572.0,572.0
2023-05-25,570.0,576.0,568.0,573.0
2023-05-26,575.0,575.0,553.0,553.0
2023-05-29,559.0,563.0,556.0,556.0
2023-05-30,554.0,557.0,541.0,549.0
2023-05-31,541.0,542.0,534.0,535.0
2023-06-01,534.0,536.0,526.0,527.0
2023-06-02,525.0,544.0,524.0,542.0
2023-06-05,554.0,554.0,544.0,546.0
2023-06-06,543.0,545.0,540.0,543.0
2023-06-07,545.0,553.0,544.0,547.0
2023-06-08,547.0,553.0,539.0,540.0
2023-06-09,544.0,549.0,542.0,546.0
2023-06-12,550.0,562.0,549.0,560.0
2023-06-13,562.0,565.0,560.0,561.0
2023-06-14,565.0,568.0,562.0,567.0
2023-06-15,567.0,569.0,563.0,564.0
2023-06-16,566.0,568.0,562.0,568.0
2023-06-19,569.0,577.0,567.0,577.0
2023-06-20,572.0,577.0,571.0,577.0
2023-06-21,576.0,584.0,574.0,581.0
2023-06-22,581.0,586.0,574.0,575.0
2023-06-23,576.0,581.0,566.0,568.0
2023-06-26,570.0,572.0,562.0,567.0
2023-06-27,568.0,568.0,560.0,562.0
2023-06-28,569.0,577.0,567.0,577.0
2023-06-29,579.0,589.0,577.0,586.0
2023-06-30,587.0,590.0,582.0,587.0
2023-07-03,594.0,604.0,591.0,603.0
2023-07-04,603.0,606.0,593.0,596.0
2023-07-05,595.0,595.0,589.0,591.0
2023-07-06,587.0,588.0,581.0,581.0
2023-07-07,575.0,582.0,564.0,577.0
2023-07-10,583.0,585.0,575.0,575.0
2023-07-11,575.0,582.0,571.0,571.0
2023-07-12,570.0,570.0,563.0,563.0
2023-07-13,563.0,566.0,559.0,564.0
2023-07-14,567.0,569.0,560.0,562.0
2023-07-18,562.0,566.0,560.0,566.0
2023-07-19,572.0,576.0,570.0,575.0
2023-07-20,573.0,579.0,573.0,577.0
2023-07-21,575.0,577.0,569.0,570.0
2023-07-24,576.0,577.0,571.0,573.0
2023-07-25,574.0,579.0,573.0,577.0
2023-07-26,575.0,575.0,566.0,566.0
2023-07-27,561.0,577.0,561.0,574.0
2023-07-28,580.0,580.0,562.0,568.0
2023-07-31,572.0,575.0,567.0,572.0
2023-08-01,579.0,587.0,577.0,584.0
2023-08-02,577.0,579.0,573.0,576.0
2023-08-03,571.0,571.0,554.0,556.0
2023-08-04,557.0,558.0,549.0,556.0
2023-08-07,552.0,556.0,550.0,555.0
2023-08-08,559.0,561.0,556.0,558.0
2023-08-09,558.0,559.0,555.0,557.0
2023-08-10,556.0,569.0,553.0,569.0
2023-08-14,569.0,571.0,559.0,559.0
2023-08-15,562.0,565.0,558.0,564.0
2023-08-16,564.0,564.0,559.0,563.0
2023-08-17,556.0,558.0,545.0,557.0
2023-08-18,552.0,556.0,547.0,548.0
2023-08-21,548.0,563.0,548.0,556.0
2023-08-22,562.0,580.0,558.0,580.0
2023-08-23,577.0,577.0,570.0,573.0
2023-08-24,571.0,578.0,570.0,576.0
2023-08-25,571.0,572.0,566.0,570.0
2023-08-28,573.0,580.0,573.0,573.0
2023-08-29,576.0,583.0,575.0,580.0
2023-08-30,580.0,590.0,580.0,586.0
2023-08-31,588.0,595.0,585.0,594.0
2023-09-01,594.0,600.0,592.0,599.0
2023-09-04,600.0,613.0,600.0,612.0
2023-09-05,618.0,621.0,614.0,620.0
2023-09-06,620.0,622.0,614.0,617.0
2023-09-07,617.0,625.0,614.0,614.0
2023-09-08,616.0,622.0,609.0,609.0
2023-09-11,616.0,617.0,606.0,606.0
2023-09-12,606.0,613.0,606.0,613.0
2023-09-13,608.0,613.0,607.0,612.0
2023-09-14,609.0,614.0,609.0,612.0
2023-09-15,614.0,622.0,614.0,619.0
2023-09-19,620.0,632.0,618.0,630.0
2023-09-20,630.0,631.0,619.0,620.0
2023-09-21,619.0,641.0,619.0,630.0
2023-09-22,623.0,626.0,613.0,620.0
2023-09-25,625.0,625.0,615.0,618.0
2023-09-26,620.0,622.0,614.0,614.0
2023-09-27,612.0,626.0,608.0,626.0
2023-09-28,625.0,631.0,617.0,617.0
2023-09-29,621.0,636.0,614.0,616.0
2023-10-02,617.0,626.0,610.0,610.0
2023-10-03,605.0,607.0,592.0,593.0
2023-10-04,588.0,596.0,579.0,580.0
2023-10-05,588.0,607.0,588.0,607.0
2023-10-06,608.0,609.0,599.0,599.0
2023-10-10,604.0,615.0,604.0,610.0
2023-10-11,609.0,612.0,605.0,608.0
2023-10-12,605.0,613.0,602.0,612.0
2023-10-13,614.0,622.0,603.0,607.0
2023-10-16,603.0,606.0,592.0,592.0
2023-10-17,596.0,605.0,596.0,601.0
2023-10-18,605.0,628.0,605.0,619.0
2023-10-19,620.0,620.0,606.0,610.0
2023-10-20,606.0,614.0,605.0,610.0
2023-10-23,606.0,611.0,594.0,594.0
2023-10-24,600.0,609.0,589.0,609.0
2023-10-25,612.0,629.0,612.0,622.0
2023-10-26,621.0,628.0,608.0,612.0
2023-10-27,512.0,521.0,512.0,512.0
2023-10-30,511.0,513.0,488.0,503.0
2023-10-31,500.0,509.0,497.0,508.0
2023-11-01,513.0,513.0,484.0,485.0
2023-11-02,493.0,493.0,481.0,482.0
2023-11-06,492.0,493.0,479.0,490.0
2023-11-07,486.0,494.0,482.0,483.0
2023-11-08,488.0,488.0,461.0,461.0
2023-11-09,462.0,474.0,462.0,472.0
2023-11-10,472.0,472.0,458.0,464.0
2023-11-13,467.0,473.0,457.0,458.0
2023-11-14,459.0,464.0,455.0,457.0
2023-11-15,462.0,465.0,458.0,460.0
2023-11-16,464.0,464.0,455.0,459.0
2023-11-17,456.0,469.0,455.0,465.0
2023-11-20,469.0,487.0,467.0,484.0
2023-11-21,481.0,486.0,474.0,475.0
2023-11-22,472.0,483.0,472.0,479.0
2023-11-24,485.0,485.0,478.0,482.0
2023-11-27,484.0,488.0,481.0,484.0
2023-11-28,486.0,488.0,481.0,482.0
2023-11-29,481.0,483.0,476.0,476.0
2023-11-30,476.0,478.0,472.0,478.0
2023-12-01,481.0,481.0,477.0,477.0
2023-12-04,477.0,479.0,470.0,472.0
2023-12-05,471.0,472.0,464.0,464.0
2023-12-06,463.0,471.0,463.0,470.0
2023-12-07,467.0,467.0,455.0,455.0
2023-12-08,454.0,454.0,438.0,440.0
2023-12-11,448.0,450.0,443.0,445.0
2023-12-12,448.0,449.0,434.0,435.0
2023-12-13,436.0,441.0,434.0,440.0
2023-12-14,447.0,447.0,429.0,431.0
2023-12-15,432.0,447.0,432.0,447.0
2023-12-18,437.0,439.0,432.0,437.0
2023-12-19,440.0,443.0,435.0,442.0
2023-12-20,443.0,446.0,436.0,439.0
2023-12-21,436.0,436.0,431.0,431.0
2023-12-22,430.0,431.0,425.0,427.0
2023-12-25,427.0,427.0,413.0,416.0
2023-12-26,414.0,419.0,411.0,414.0
2023-12-27,414.0,432.0,414.0,430.0
2023-12-28,430.0,445.0,428.0,445.0
2023-12-29,442.0,447.0,440.0,447.0
2024-01-04,445.0,452.0,441.0,451.0
2024-01-05,451.0,453.0,446.0,448.0
2024-01-09,450.0,456.0,450.0,455.0
2024-01-10,456.0,458.0,454.0,458.0
2024-01-11,460.0,463.0,459.0,460.0
2024-01-12,461.0,461.0,451.0,453.0
2024-01-15,456.0,457.0,451.0,452.0
2024-01-16,454.0,454.0,445.0,445.0
2024-01-17,446.0,451.0,440.0,440.0
2024-01-18,443.0,444.0,439.0,443.0
2024-01-19,445.0,445.0,439.0,440.0
2024-01-22,441.0,450.0,441.0,448.0
2024-01-23,449.0,449.0,443.0,443.0
2024-01-24,444.0,444.0,440.0,443.0
2024-01-25,443.0,449.0,443.0,449.0
2024-01-26,448.0,448.0,446.0,446.0
2024-01-29,448.0,452.0,448.0,452.0
2024-01-30,454.0,457.0,449.0,450.0
2024-01-31,450.0,450.0,443.0,448.0
2024-02-01,448.0,448.0,438.0,444.0
2024-02-02,442.0,443.0,438.0,440.0
2024-02-05,445.0,447.0,440.0,447.0
2024-02-06,446.0,446.0,442.0,442.0
2024-02-07,442.0,446.0,441.0,444.0
2024-02-08,440.0,442.0,432.0,436.0
2024-02-09,434.0,445.0,434.0,444.0
2024-02-13,443.0,445.0,440.0,442.0
2024-02-14,442.0,442.0,435.0,435.0
2024-02-15,437.0,439.0,428.0,428.0
2024-02-16,431.0,444.0,430.0,444.0
2024-02-19,452.0,464.0,452.0,464.0
2024-02-20,466.0,467.0,459.0,459.0
2024-02-21,454.0,455.0,437.0,437.0
2024-02-22,443.0,446.0,440.0,444.0
2024-02-26,440.0,443.0,436.0,437.0
2024-02-27,437.0,446.0,437.0,441.0
2024-02-28,440.0,448.0,440.0,447.0
2024-02-29,445.0,450.0,443.0,450.0
2024-03-01,447.0,462.0,447.0,461.0
2024-03-04,455.0,455.0,446.0,448.0
2024-03-05,453.0,495.0,452.0,489.0
2024-03-06,488.0,520.0,487.0,508.0
2024-03-07,509.0,514.0,492.0,496.0
2024-03-08,501.0,535.0,501.0,532.0
2024-03-11,530.0,530.0,514.0,520.0
2024-03-12,520.0,548.0,515.0,539.0
2024-03-13,539.0,539.0,517.0,523.0
2024-03-14,526.0,537.0,523.0,533.0
2024-03-15,533.0,543.0,527.0,530.0
2024-03-18,538.0,563.0,538.0,563.0
2024-03-19,548.0,557.0,547.0,551.0
2024-03-21,555.0,561.0,550.0,553.0
2024-03-22,555.0,555.0,536.0,536.0
2024-03-25,544.0,544.0,527.0,531.0
2024-03-26,531.0,541.0,531.0,534.0
2024-03-27,533.0,534.0,526.0,529.0
2024-03-28,534.0,541.0,528.0,532.0
2024-03-29,529.0,535.0,525.0,535.0
2024-04-01,537.0,542.0,517.0,520.0
2024-04-02,520.0,520.0,500.0,502.0
2024-04-03,500.0,511.0,498.0,506.0
2024-04-04,504.0,518.0,497.0,513.0
2024-04-05,505.0,509.0,500.0,505.0
2024-04-08,509.0,510.0,498.0,503.0
2024-04-09,500.0,507.0,497.0,502.0
2024-04-10,501.0,510.0,501.0,503.0
2024-04-11,500.0,502.0,495.0,499.0
2024-04-12,502.0,504.0,499.0,499.0
2024-04-15,499.0,502.0,492.0,499.0
2024-04-16,497.0,497.0,478.0,480.0
2024-04-17,480.0,493.0,475.0,488.0
2024-04-18,488.0,501.0,488.0,500.0
2024-04-19,500.0,500.0,484.0,486.0
2024-04-22,486.0,498.0,486.0,492.0
2024-04-23,494.0,505.0,492.0,504.0
2024-04-24,504.0,509.0,501.0,507.0
2024-04-25,510.0,519.0,508.0,513.0
2024-04-26,513.0,516.0,508.0,508.0
2024-04-30,517.0,525.0,513.0,525.0
2024-05-01,520.0,522.0,512.0,522.0
2024-05-02,521.0,521.0,512.0,512.0
2024-05-07,514.0,519.0,511.0,516.0
2024-05-08,518.0,526.0,516.0,521.0
2024-05-09,524.0,530.0,522.0,526.0
2024-05-10,530.0,530.0,523.0,523.0
2024-05-13,532.0,542.0,531.0,539.0
2024-05-14,530.0,537.0,520.0,522.0
2024-05-15,520.0,532.0,515.0,518.0
2024-05-16,524.0,524.0,491.0,499.0
2024-05-17,495.0,511.0,495.0,508.0
2024-05-20,510.0,519.0,510.0,515.0
2024-05-21,519.0,532.0,517.0,531.0
2024-05-22,526.0,531.0,525.0,527.0
2024-05-23,527.0,535.0,522.0,535.0
2024-05-24,526.0,529.0,523.0,524.0
2024-05-27,523.0,526.0,516.0,519.0
2024-05-28,522.0,522.0,511.0,511.0
2024-05-29,511.0,512.0,502.0,505.0
2024-05-30,505.0,505.0,497.0,505.0
2024-05-31,508.0,515.0,507.0,515.0
2024-06-03,523.0,535.0,520.0,535.0
2024-06-04,533.0,547.0,530.0,540.0
2024-06-05,534.0,537.0,528.0,530.0
2024-06-06,531.0,531.0,519.0,520.0
2024-06-07,519.0,522.0,515.0,516.0
2024-06-10,518.0,530.0,518.0,530.0
2024-06-11,530.0,531.0,523.0,523.0
2024-06-12,524.0,531.0,524.0,529.0
2024-06-13,529.0,533.0,524.0,529.0
2024-06-14,533.0,548.0,529.0,547.0
2024-06-17,548.0,558.0,541.0,554.0
2024-06-18,560.0,573.0,560.0,573.0
2024-06-19,577.0,580.0,572.0,575.0
2024-06-20,575.0,579.0,566.0,577.0
2024-06-21,579.0,579.0,569.0,569.0
2024-06-24,574.0,574.0,565.0,573.0
2024-06-25,579.0,590.0,574.0,590.0
2024-06-26,590.0,592.0,582.0,590.0
2024-06-27,591.0,592.0,585.0,591.0
2024-06-28,591.0,598.0,584.0,598.0
2024-07-01,600.0,610.0,592.0,592.0
2024-07-02,593.0,607.0,591.0,601.0
2024-07-03,604.0,609.0,593.0,596.0
2024-07-04,594.0,599.0,592.0,595.0
2024-07-05,595.0,598.0,589.0,591.0
2024-07-08,590.0,593.0,584.0,591.0
2024-07-09,594.0,602.0,593.0,593.0
2024-07-10,595.0,595.0,581.0,584.0
2024-07-11,594.0,598.0,589.0,592.0
2024-07-12,583.0,600.0,583.0,595.0
2024-07-16,595.0,609.0,595.0,595.0
2024-07-17,596.0,605.0,594.0,599.0
2024-07-18,592.0,595.0,584.0,585.0
2024-07-19,585.0,585.0,571.0,573.0
2024-07-22,572.0,573.0,563.0,572.0
2024-07-23,570.0,581.0,570.0,580.0
2024-07-24,578.0,584.0,567.0,567.0
2024-07-25,561.0,575.0,561.0,563.0
2024-07-26,563.0,570.0,562.0,563.0
2024-07-29,573.0,583.0,572.0,579.0
2024-07-30,575.0,578.0,569.0,577.0
2024-07-31,577.0,590.0,568.0,590.0
2024-08-01,561.0,561.0,540.0,553.0
2024-08-02,533.0,540.0,515.0,516.0
2024-08-05,472.0,488.0,431.0,449.0
2024-08-06,457.0,509.0,457.0,500.0
2024-08-07,482.0,515.0,479.0,496.0
2024-08-08,477.0,501.0,477.0,485.0
2024-08-09,501.0,507.0,494.0,504.0
2024-08-13,504.0,507.0,499.0,501.0
2024-08-14,500.0,512.0,497.0,508.0
2024-08-15,513.0,513.0,504.0,510.0
2024-08-16,510.0,525.0,510.0,522.0
2024-08-19,526.0,529.0,504.0,505.0
2024-08-20,512.0,521.0,508.0,520.0
2024-08-21,515.0,519.0,510.0,516.0
2024-08-22,516.0,520.0,515.0,518.0
2024-08-23,527.0,527.0,514.0,518.0
2024-08-26,520.0,520.0,510.0,516.0
2024-08-27,515.0,518.0,507.0,507.0
2024-08-28,506.0,506.0,498.0,506.0
2024-08-29,508.0,513.0,503.0,508.0
2024-08-30,515.0,529.0,515.0,519.0
2024-09-02,527.0,527.0,520.0,523.0
2024-09-03,525.0,527.0,520.0,524.0
2024-09-04,518.0,518.0,503.0,507.0
2024-09-05,505.0,512.0,498.0,502.0
2024-09-06,504.0,504.0,490.0,493.0
2024-09-09,489.0,492.0,482.0,488.0
2024-09-10,489.0,490.0,475.0,475.0
2024-09-11,476.0,476.0,457.0,463.0
2024-09-12,476.0,492.0,472.0,492.0
2024-09-13,485.0,488.0,480.0,485.0
2024-09-17,488.0,493.0,475.0,487.0
2024-09-18,488.0,494.0,483.0,493.0
2024-09-19,501.0,502.0,497.0,501.0
2024-09-20,505.0,505.0,498.0,500.0
2024-09-24,500.0,502.0,496.0,500.0
2024-09-25,502.0,503.0,493.0,500.0
2024-09-26,504.0,505.0,493.0,503.0
2024-09-27,504.0,514.0,502.0,509.0
2024-09-30,500.0,504.0,489.0,493.0
2024-10-01,494.0,497.0,486.0,497.0
2024-10-02,489.0,494.0,484.0,488.0
2024-10-03,497.0,500.0,494.0,499.0
2024-10-04,498.0,506.0,494.0,495.0
2024-10-07,498.0,499.0,491.0,493.0
2024-10-08,491.0,491.0,481.0,486.0
2024-10-09,490.0,490.0,480.0,482.0
2024-10-10,484.0,484.0,475.0,480.0
2024-10-11,480.0,481.0,477.0,477.0
2024-10-15,480.0,482.0,473.0,482.0
2024-10-16,476.0,481.0,474.0,477.0
2024-10-17,477.0,480.0,475.0,475.0
2024-10-18,481.0,481.0,471.0,473.0
2024-10-21,475.0,478.0,471.0,476.0
2024-10-22,476.0,477.0,466.0,467.0
2024-10-23,466.0,468.0,460.0,460.0
2024-10-24,457.0,460.0,452.0,456.0
2024-10-25,457.0,458.0,445.0,445.0
2024-10-28,447.0,454.0,446.0,452.0
2024-10-29,450.0,454.0,446.0,450.0
2024-10-30,452.0,469.0,450.0,457.0
2024-10-31,458.0,476.0,458.0,470.0
2024-11-01,450.0,455.0,438.0,439.0
2024-11-05,447.0,450.0,439.0,442.0
2024-11-06,445.0,450.0,443.0,448.0
2024-11-07,452.0,456.0,446.0,456.0
2024-11-08,456.0,458.0,448.0,450.0
2024-11-11,450.0,450.0,441.0,443.0
2024-11-12,444.0,447.0,434.0,435.0
2024-11-13,435.0,438.0,432.0,433.0
2024-11-14,435.0,440.0,433.0,433.0
2024-11-15,435.0,442.0,435.0,441.0
2024-11-18,440.0,444.0,440.0,441.0
2024-11-19,441.0,449.0,438.0,447.0
2024-11-20,449.0,454.0,442.0,445.0
2024-11-21,446.0,451.0,446.0,448.0
2024-11-22,452.0,452.0,443.0,444.0
2024-11-25,446.0,448.0,437.0,437.0
2024-11-26,437.0,440.0,435.0,437.0
2024-11-27,437.0,437.0,430.0,432.0
2024-11-28,435.0,437.0,431.0,434.0
2024-11-29,431.0,432.0,428.0,429.0
2024-12-02,430.0,436.0,428.0,433.0
2024-12-03,433.0,442.0,433.0,440.0
2024-12-04,438.0,440.0,433.0,434.0
2024-12-05,436.0,443.0,434.0,439.0
2024-12-06,438.0,445.0,438.0,442.0
2024-12-09,447.0,447.0,438.0,438.0
2024-12-10,444.0,444.0,434.0,434.0
2024-12-11,434.0,436.0,432.0,435.0
2024-12-12,437.0,438.0,434.0,434.0
2024-12-13,432.0,437.0,431.0,431.0
2024-12-16,432.0,436.0,432.0,436.0
2024-12-17,437.0,437.0,433.0,436.0
2024-12-18,433.0,433.0,428.0,428.0
2024-12-19,428.0,433.0,428.0,430.0
2024-12-20,433.0,433.0,429.0,430.0
2024-12-23,430.0,431.0,428.0,431.0
2024-12-24,430.0,438.0,429.0,438.0
2024-12-25,440.0,441.0,432.0,437.0
2024-12-26,435.0,440.0,432.0,440.0
2024-12-27,441.0,449.0,438.0,449.0
2024-12-30,450.0,450.0,447.0,448.0
2025-01-06,451.0,457.0,449.0,452.0
2025-01-07,459.0,459.0,454.0,455.0
2025-01-08,454.0,456.0,453.0,454.0
2025-01-09,452.0,452.0,446.0,448.0
2025-01-10,448.0,450.0,447.0,447.0
2025-01-14,448.0,448.0,440.0,440.0
2025-01-15,441.0,442.0,435.0,437.0
2025-01-16,438.0,438.0,431.0,431.0
2025-01-17,433.0,437.0,428.0,437.0
2025-01-20,444.0,450.0,442.0,447.0
2025-01-21,453.0,453.0,448.0,451.0
2025-01-22,454.0,454.0,451.0,451.0
2025-01-23,451.0,452.0,449.0,452.0
2025-01-24,455.0,460.0,454.0,459.0
2025-01-27,464.0,474.0,464.0,469.0
2025-01-28,469.0,482.0,469.0,480.0
2025-01-29,485.0,485.0,473.0,473.0
2025-01-30,475.0,478.0,468.0,468.0
2025-01-31,472.0,500.0,469.0,493.0
2025-02-03,477.0,487.0,470.0,470.0
2025-02-04,473.0,482.0,472.0,475.0
2025-02-05,475.0,476.0,465.0,472.0
2025-02-06,472.0,477.0,468.0,476.0
2025-02-07,475.0,478.0,471.0,477.0
2025-02-10,477.0,477.0,469.0,470.0
2025-02-12,473.0,489.0,473.0,488.0
2025-02-13,489.0,500.0,486.0,499.0
2025-02-14,500.0,502.0,495.0,496.0
2025-02-17,497.0,509.0,496.0,508.0
2025-02-18,510.0,514.0,505.0,512.0
2025-02-19,510.0,512.0,503.0,505.0
2025-02-20,505.0,509.0,495.0,495.0
2025-02-21,493.0,499.0,488.0,495.0
2025-02-25,495.0,521.0,493.0,508.0
2025-02-26,511.0,524.0,511.0,521.0
2025-02-27,524.0,539.0,524.0,538.0
2025-02-28,535.0,538.0,517.0,520.0
2025-03-03,530.0,530.0,517.0,524.0
2025-03-04,526.0,526.0,514.0,525.0
2025-03-05,525.0,527.0,519.0,525.0
2025-03-06,530.0,540.0,529.0,538.0
2025-03-07,530.0,531.0,522.0,522.0
2025-03-10,527.0,527.0,514.0,516.0
2025-03-11,511.0,515.0,505.0,513.0
2025-03-12,516.0,525.0,515.0,525.0
2025-03-13,525.0,527.0,514.0,518.0
2025-03-14,518.0,522.0,514.0,522.0
2025-03-17,525.0,526.0,516.0,519.0
2025-03-18,517.0,525.0,511.0,525.0
2025-03-19,520.0,528.0,516.0,523.0
2025-03-21,521.0,522.0,517.0,517.0
2025-03-24,527.0,529.0,517.0,517.0
2025-03-25,527.0,527.0,513.0,515.0
2025-03-26,523.0,541.0,517.0,538.0
2025-03-27,546.0,546.0,535.0,544.0
2025-03-28,541.0,557.0,539.0,539.0
2025-03-31,529.0,538.0,520.0,525.0
2025-04-01,526.0,529.0,501.0,501.0
2025-04-02,505.0,505.0,497.0,499.0
2025-04-03,480.0,484.0,466.0,473.0
2025-04-04,457.0,465.0,427.0,444.0
2025-04-07,406.0,410.0,395.0,401.0
2025-04-08,417.0,433.0,417.0,432.0
2025-04-09,424.0,424.0,403.0,411.0
2025-04-10,443.0,448.0,438.0,448.0
2025-04-11,428.0,440.0,421.0,440.0
2025-04-14,443.0,450.0,440.0,442.0
2025-04-15,450.0,452.0,445.0,449.0
2025-04-16,449.0,451.0,443.0,446.0
2025-04-17,446.0,449.0,442.0,446.0
2025-04-18,451.0,463.0,450.0,462.0
2025-04-21,463.0,466.0,462.0,465.0
2025-04-22,462.0,471.0,462.0,463.0
2025-04-23,471.0,479.0,471.0,473.0
2025-04-24,474.0,474.0,464.0,467.0
2025-04-25,469.0,473.0,464.0,473.0
2025-04-28,477.0,479.0,475.0,476.0
2025-04-30,475.0,475.0,465.0,474.0
2025-05-01,474.0,474.0,465.0,469.0
2025-05-02,470.0,470.0,460.0,467.0
2025-05-07,467.0,469.0,460.0,468.0
2025-05-08,462.0,548.0,460.0,537.0
2025-05-09,529.0,566.0,528.0,545.0
2025-05-12,544.0,554.0,526.0,526.0
2025-05-13,525.0,575.0,496.0,530.0
2025-05-14,530.0,577.0,524.0,552.0
2025-05-15,552.0,558.0,530.0,536.0
2025-05-16,537.0,579.0,535.0,571.0
2025-05-19,565.0,575.0,555.0,571.0
2025-05-20,521.0,545.0,516.0,530.0
2025-05-21,528.0,535.0,525.0,533.0
2025-05-22,523.0,529.0,521.0,523.0
2025-05-23,525.0,532.0,520.0,526.0
2025-05-26,527.0,529.0,521.0,528.0
2025-05-27,537.0,560.0,536.0,558.0
2025-05-28,556.0,559.0,548.0,548.0
2025-05-29,551.0,556.0,542.0,548.0
2025-05-30,546.0,554.0,545.0,554.0
2025-06-02,554.0,554.0,540.0,542.0
2025-06-03,540.0,541.0,528.0,531.0
2025-06-04,534.0,540.0,530.0,538.0
2025-06-05,538.0,540.0,527.0,532.0
2025-06-06,535.0,537.0,530.0,533.0
2025-06-09,533.0,539.0,530.0,537.0
2025-06-10,537.0,543.0,531.0,534.0
2025-06-11,533.0,537.0,528.0,533.0
2025-06-12,530.0,536.0,523.0,524.0
2025-06-13,515.0,516.0,505.0,506.0
2025-06-16,507.0,513.0,507.0,510.0
2025-06-17,516.0,516.0,507.0,510.0
2025-06-18,510.0,515.0,509.0,511.0
2025-06-19,514.0,517.0,511.0,516.0
2025-06-20,516.0,519.0,511.0,516.0
2025-06-23,515.0,522.0,507.0,517.0
2025-06-24,524.0,529.0,519.0,519.0
2025-06-25,521.0,523.0,513.0,516.0
2025-06-26,514.0,518.0,511.0,518.0
2025-06-27,521.0,527.0,521.0,524.0
2025-06-30,529.0,539.0,527.0,533.0
2025-07-01,528.0,531.0,520.0,522.0
2025-07-02,521.0,528.0,521.0,524.0
2025-07-03,525.0,528.0,521.0,525.0
2025-07-04,528.0,528.0,524.0,526.0
2025-07-07,524.0,525.0,498.0,513.0
2025-07-08,515.0,531.0,515.0,529.0
2025-07-09,529.0,539.0,526.0,535.0
2025-07-10,538.0,541.0,534.0,541.0
2025-07-11,541.0,544.0,538.0,544.0
2025-07-14,545.0,552.0,544.0,548.0
2025-07-15,550.0,553.0,542.0,552.0
2025-07-16,553.0,557.0,546.0,552.0
2025-07-17,549.0,561.0,549.0,561.0
2025-07-18,562.0,575.0,554.0,568.0
2025-07-22,566.0,584.0,566.0,581.0
2025-07-23,589.0,624.0,588.0,624.0
2025-07-24,624.0,634.0,617.0,625.0
2025-07-25,623.0,625.0,613.0,615.0
2025-07-28,619.0,619.0,609.0,613.0
2025-07-29,610.0,623.0,609.0,620.0
2025-07-30,620.0,629.0,618.0,626.0
2025-07-31,626.0,627.0,569.0,575.0
2025-08-01,570.0,581.0,554.0,580.0
2025-08-04,570.0,584.0,566.0,580.0
2025-08-05,580.0,588.0,580.0,585.0
2025-08-06,586.0,596.0,586.0,591.0
2025-08-07,594.0,603.0,588.0,600.0
2025-08-08,601.0,604.0,595.0,601.0
2025-08-12,618.0,640.0,618.0,634.0
2025-08-13,632.0,635.0,627.0,634.0
2025-08-14,632.0,633.0,627.0,631.0
2025-08-15,631.0,634.0,628.0,633.0
2025-08-18,632.0,633.0,627.0,633.0
2025-08-19,632.0,632.0,620.0,620.0
2025-08-20,618.0,619.0,606.0,607.0
2025-08-21,615.0,636.0,613.0,632.0
2025-08-22,636.0,645.0,636.0,644.0
2025-08-25,650.0,660.0,646.0,654.0
2025-08-26,653.0,660.0,649.0,650.0
2025-08-27,648.0,663.0,646.0,655.0
2025-08-28,655.0,655.0,649.0,649.0
2025-08-29,649.0,656.0,644.0,652.0
2025-09-01,652.0,675.0,650.0,659.0
2025-09-02,655.0,662.0,650.0,656.0
2025-09-03,656.0,677.0,656.0,675.0
2025-09-04,675.0,681.0,669.0,672.0
2025-09-05,673.0,680.0,669.0,675.0
2025-09-08,676.0,678.0,669.0,670.0
2025-09-09,674.0,678.0,668.0,678.0
2025-09-10,677.0,678.0,657.0,674.0
2025-09-11,675.0,681.0,674.0,680.0
2025-09-12,676.0,683.0,675.0,676.0
2025-09-16,676.0,690.0,675.0,684.0
2025-09-17,688.0,688.0,673.0,685.0
2025-09-18,683.0,689.0,667.0,674.0
2025-09-19,684.0,686.0,674.0,675.0
2025-09-22,670.0,681.0,669.0,675.0
2025-09-24,675.0,678.0,671.0,672.0
2025-09-25,674.0,689.0,674.0,683.0
2025-09-26,685.0,686.0,675.0,686.0
2025-09-29,673.0,686.0,673.0,684.0
2025-09-30,682.0,686.0,674.0,684.0
2025-10-01,682.0,686.0,676.0,685.0
2025-10-02,687.0,695.0,676.0,680.0
2025-10-03,680.0,692.0,679.0,689.0
2025-10-06,698.0,700.0,686.0,690.0
2025-10-07,690.0,691.0,682.0,689.0
2025-10-08,690.0,694.0,687.0,688.0
2025-10-09,690.0,695.0,689.0,693.0
2025-10-10,690.0,690.0,678.0,689.0
2025-10-14,673.0,683.0,673.0,677.0
2025-10-15,681.0,689.0,677.0,686.0
2025-10-16,685.0,688.0,682.0,684.0
2025-10-17,684.0,684.0,677.0,677.0
2025-10-20,682.0,683.0,678.0,678.0
2025-10-21,681.0,686.0,677.0,680.0
2025-10-22,680.0,689.0,680.0,689.0
2025-10-23,687.0,692.0,685.0,690.0
2025-10-24,695.0,721.0,691.0,708.0
2025-10-27,712.0,721.0,708.0,714.0
2025-10-28,712.0,715.0,702.0,703.0
2025-10-29,700.0,703.0,683.0,691.0
2025-10-30,690.0,755.0,690.0,733.0
2025-10-31,748.0,846.0,748.0,825.0
2025-11-04,798.0,903.0,795.0,898.0
2025-11-05,885.0,964.0,849.0,950.0
2025-11-06,945.0,1005.0,926.0,948.0
2025-11-07,934.0,950.0,843.0,844.0
2025-11-10,844.0,846.0,803.0,844.0
2025-11-11,845.0,858.0,831.0,845.0
2025-11-12,856.0,895.0,843.0,865.0
2025-11-13,868.0,892.0,864.0,873.0
2025-11-14,877.0,903.0,873.0,881.0
2025-11-17,883.0,891.0,865.0,885.0
2025-11-18,885.0,885.0,845.0,847.0
2025-11-19,846.0,857.0,794.0,797.0
2025-11-20,801.0,822.0,797.0,813.0
2025-11-21,810.0,817.0,790.0,790.0
2025-11-25,789.0,793.0,781.0,782.0
2025-11-26,793.0,799.0,787.0,799.0
2025-11-27,793.0,801.0,773.0,794.0
2025-11-28,790.0,811.0,779.0,800.0
2025-12-01,800.0,806.0,789.0,796.0
2025-12-02,790.0,811.0,790.0,799.0
2025-12-03,794.0,806.0,789.0,796.0
2025-12-04,797.0,812.0,797.0,810.0
2025-12-05,802.0,804.0,779.0,779.0
2025-12-08,790.0,799.0,782.0,783.0
2025-12-09,782.0,785.0,761.0,780.0
2025-12-10,775.0,793.0,770.0,777.0
2025-12-11,774.0,777.0,755.0,755.0
2025-12-12,765.0,774.0,755.0,766.0
2025-12-15,757.0,765.0,756.0,761.0
2025-12-16,756.0,756.0,741.0,745.0
2025-12-17,754.0,772.0,749.0,762.0
2025-12-18,758.0,758.0,741.0,750.0
2025-12-19,745.0,772.0,745.0,767.0
2025-12-22,772.0,780.0,768.0,773.0
2025-12-23,775.0,780.0,756.0,757.0
2025-12-24,755.0,762.0,745.0,755.0
2025-12-25,760.0,760.0,752.0,755.0
2025-12-26,755.0,765.0,748.0,762.0
2025-12-29,770.0,806.0,770.0,783.0
2025-12-30,786.0,791.0,775.0,777.0
2026-01-05,777.0,782.0,758.0,758.0
2026-01-06,763.0,766.0,749.0,755.0
2026-01-07,753.0,763.0,750.0,752.0
2026-01-08,751.0,763.0,749.0,759.0
2026-01-09,755.0,764.0,753.0,755.0
2026-01-13,761.0,761.0,750.0,756.0
2026-01-14,756.0,763.0,754.0,759.0
2026-01-15,758.0,771.0,755.0,765.0
2026-01-16,765.0,788.0,762.0,783.0
2026-01-19,783.0,783.0,764.0,765.0
2026-01-20,765.0,769.0,750.0,750.0
2026-01-21,741.0,754.0,739.0,750.0
2026-01-22,753.0,766.0,752.0,765.0
2026-01-23,765.0,765.0,757.0,759.0
2026-01-26,747.0,752.0,738.0,745.0
2026-01-27,744.0,752.0,744.0,748.0
2026-01-28,745.0,756.0,744.0,749.0
2026-01-29,741.0,756.0,736.0,750.0
2026-01-30,750.0,775.0,709.0,725.0
2026-02-02,726.0,795.0,726.0,770.0
2026-02-03,755.0,772.0,746.0,767.0
2026-02-04,755.0,762.0,739.0,752.0
2026-02-05,761.0,764.0,750.0,756.0
2026-02-06,752.0,767.0,749.0,765.0
2026-02-09,775.0,779.0,762.0,766.0
2026-02-10,772.0,782.0,772.0,780.0
2026-02-12,778.0,783.0,771.0,773.0
2026-02-13,779.0,785.0,763.0,773.0
2026-02-16,772.0,776.0,758.0,758.0
2026-02-17,758.0,765.0,751.0,755.0
2026-02-18,762.0,766.0,754.0,755.0
2026-02-19,760.0,760.0,750.0,756.0
2026-02-20,751.0,791.0,750.0,780.0
2026-02-24,795.0,836.0,788.0,818.0
2026-02-25,833.0,833.0,815.0,825.0
2026-02-26,836.0,840.0,826.0,826.0
2026-02-27,840.0,862.0,836.0,850.0
2026-03-02,835.0,843.0,821.0,832.0
2026-03-03,838.0,858.0,820.0,820.0
2026-03-04,810.0,812.0,765.0,773.0
2026-03-05,794.0,804.0,787.0,795.0
2026-03-06,781.0,788.0,772.0,775.0
2026-03-09,732.0,760.0,729.0,753.0
2026-03-10,768.0,785.0,758.0,775.0
2026-03-11,784.0,790.0,779.0,781.0
2026-03-12,775.0,775.0,748.0,755.0
2026-03-13,750.0,754.0,740.0,750.0
2026-03-16,753.0,775.0,753.0,760.0
2026-03-17,762.0,773.0,760.0,770.0
2026-03-18,773.0,802.0,771.0,801.0
2026-03-19,790.0,802.0,777.0,778.0
2026-03-23,763.0,765.0,743.0,746.0
2026-03-24,769.0,769.0,759.0,768.0
2026-03-25,778.0,782.0,771.0,778.0
2026-03-26,782.0,783.0,765.0,770.0
2026-03-27,765.0,778.0,762.0,773.0
2026-03-30,724.0,754.0,724.0,750.0
2026-03-31,749.0,764.0,747.0,750.0
2026-04-01,765.0,778.0,756.0,777.0
2026-04-02,784.0,784.0,760.0,760.0
2026-04-03,760.0,774.0,760.0,773.0
2026-04-06,773.0,783.0,773.0,778.0
2026-04-07,784.0,787.0,773.0,784.0
2026-04-08,794.0,808.0,794.0,808.0
2026-04-09,807.0,808.0,794.0,800.0
2026-04-10,807.0,808.0,799.0,804.0
2026-04-13,804.0,809.0,798.0,808.0
2026-04-14,808.0,824.0,801.0,819.0
2026-04-15,826.0,833.0,813.0,817.0
2026-04-16,818.0,823.0,811.0,811.0
2026-04-17,813.0,816.0,800.0,800.0
2026-04-20,798.0,810.0,795.0,809.0
2026-04-21,811.0,812.0,802.0,805.0
2026-04-22,805.0,808.0,798.0,804.0
2026-04-23,797.0,807.0,789.0,791.0
2026-04-24,798.0,800.0,787.0,795.0
2026-04-27,795.0,820.0,792.0,816.0
2026-04-28,806.0,842.0,806.0,842.0
2026-04-30,827.0,899.0,827.0,879.0
2026-05-01,879.0,927.0,866.0,919.0
2026-05-07,924.0,1003.0,924.0,991.0
2026-05-08,976.0,1033.0,958.0,1003.0
2026-05-11,992.0,1010.0,986.0,1000.0
2026-05-12,999.0,1011.0,982.0,990.0
2026-05-13,977.0,977.0,840.0,865.0
2026-05-14,850.0,852.0,760.0,774.0
2026-05-15,775.0,798.0,765.0,783.0
2026-05-18,779.0,779.0,735.0,736.0
2026-05-19,749.0,750.0,720.0,724.0
2026-05-20,718.0,726.0,683.0,686.0
2026-05-21,702.0,703.0,605.0,627.0
2026-05-22,619.0,626.0,590.0,610.0
2026-05-25,611.0,621.0,590.0,598.0
2026-05-26,597.0,610.0,586.0,600.0
2026-05-27,607.0,612.0,597.0,600.0
2026-05-28,596.0,601.0,561.0,579.0
2026-05-29,581.0,588.0,574.0,574.0
2026-06-01,575.0,575.0,541.0,561.0
2026-06-02,556.0,556.0,529.0,540.0
2026-06-03,538.0,546.0,528.0,532.0
2026-06-04,523.0,534.0,512.0,532.0
2026-06-05,526.0,543.0,526.0,538.0
2026-06-08,530.0,531.0,502.0,512.0
2026-06-09,512.0,517.0,508.0,514.0
2026-06-10,514.0,522.0,509.0,521.0
2026-06-11,521.0,524.0,507.0,519.0
2026-06-12,518.0,525.0,511.0,512.0
2026-06-15,522.0,534.0,520.0,531.0
2026-06-16,529.0,529.0,515.0,519.0
2026-06-17,515.0,543.0,515.0,531.0
2026-06-18,541.0,545.0,532.0,532.0
2026-06-19,532.0,540.0,527.0,529.0
2026-06-22,528.0,537.0,523.0,530.0
2026-06-23,530.0,532.0,515.0,516.0
2026-06-24,516.0,522.0,501.0,504.0
2026-06-25,510.0,510.0,500.0,501.0
2026-06-26,501.0,511.0,501.0,501.0
2026-06-29,510.0,512.0,501.0,505.0
2026-06-30,506.0,512.0,500.0,506.0
2026-07-01,509.0,512.0,505.0,505.0
2026-07-02,512.0,524.0,512.0,515.0
2026-07-03,520.0,526.0,513.0,521.0
2026-07-06,522.0,563.0,522.0,541.0
2026-07-07,541.0,558.0,536.0,551.0
2026-07-08,551.0,551.0,538.0,540.0
2026-07-09,540.0,544.0,539.0,540.0
2026-07-10,547.0,551.0,541.0,545.0
2026-07-13,551.0,555.0,545.0,546.0
2026-07-14,552.0,554.0,541.0,542.0
2026-07-15,543.0,553.0,543.0,551.0
2026-07-16,551.0,562.0,550.0,553.0
2026-07-17,563.0,564.0,538.0,545.0
2026-07-21,555.0,557.0,549.0,552.0
2026-07-22,552.0,562.0,552.0,553.0
2026-07-23,559.0,560.0,549.0,551.0
2026-07-24,558.0,558.0,546.0,551.0
2026-07-27,550.0,561.0,550.0,560.0
2026-07-28,555.0,555.0,544.0,548.0
2026-07-29,554.0,560.0,550.0,556.0
2026-07-30,560.0,563.0,543.0,543.0
2026-07-31,543.0,549.0,518.0,522.0
2026-08-03,518.0,530.0,505.0,515.0
2026-08-04,511.0,521.0,511.0,516.0
