date,open,high,low,close
2021-08-10,1216.0,1216.0,1203.0,1203.0
2021-08-11,1208.0,1238.0,1208.0,1236.0
2021-08-12,1238.0,1244.0,1236.0,1238.0
2021-08-13,1238.0,1247.0,1238.0,1242.0
2021-08-16,1242.0,1247.0,1233.0,1238.0
2021-08-17,1243.0,1245.0,1238.0,1240.0
2021-08-18,1240.0,1248.0,1238.0,1245.0
2021-08-19,1244.0,1249.0,1235.0,1235.0
2021-08-20,1243.0,1243.0,1231.0,1233.0
2021-08-23,1235.0,1241.0,1224.0,1231.0
2021-08-24,1236.0,1245.0,1234.0,1245.0
2021-08-25,1245.0,1249.0,1240.0,1240.0
2021-08-26,1240.0,1249.0,1239.0,1249.0
2021-08-27,1245.0,1259.0,1242.0,1259.0
2021-08-30,1260.0,1271.0,1260.0,1271.0
2021-08-31,1271.0,1280.0,1266.0,1266.0
2021-09-01,1270.0,1274.0,1266.0,1270.0
2021-09-02,1266.0,1266.0,1256.0,1260.0
2021-09-03,1260.0,1263.0,1259.0,1259.0
2021-09-06,1265.0,1277.0,1264.0,1275.0
2021-09-07,1271.0,1274.0,1257.0,1261.0
2021-09-08,1256.0,1263.0,1255.0,1260.0
2021-09-09,1263.0,1267.0,1261.0,1265.0
2021-09-10,1260.0,1274.0,1260.0,1271.0
2021-09-13,1262.0,1276.0,1262.0,1276.0
2021-09-14,1278.0,1332.0,1278.0,1332.0
2021-09-15,1308.0,1314.0,1283.0,1300.0
2021-09-16,1310.0,1315.0,1294.0,1306.0
2021-09-17,1303.0,1316.0,1299.0,1314.0
2021-09-21,1301.0,1310.0,1284.0,1304.0
2021-09-22,1302.0,1304.0,1287.0,1294.0
2021-09-24,1296.0,1313.0,1296.0,1304.0
2021-09-27,1310.0,1314.0,1301.0,1301.0
2021-09-28,1301.0,1301.0,1284.0,1299.0
2021-09-29,1260.0,1278.0,1260.0,1276.0
2021-09-30,1276.0,1285.0,1276.0,1276.0
2021-10-01,1273.0,1275.0,1250.0,1253.0
2021-10-04,1265.0,1265.0,1237.0,1244.0
2021-10-05,1235.0,1247.0,1228.0,1233.0
2021-10-06,1243.0,1262.0,1243.0,1248.0
2021-10-07,1248.0,1256.0,1235.0,1237.0
2021-10-08,1249.0,1254.0,1239.0,1248.0
2021-10-11,1248.0,1262.0,1247.0,1262.0
2021-10-12,1260.0,1263.0,1255.0,1257.0
2021-10-13,1253.0,1258.0,1250.0,1250.0
2021-10-14,1250.0,1250.0,1237.0,1238.0
2021-10-15,1255.0,1277.0,1250.0,1277.0
2021-10-18,1277.0,1291.0,1267.0,1287.0
2021-10-19,1282.0,1296.0,1282.0,1287.0
2021-10-20,1284.0,1287.0,1278.0,1278.0
2021-10-21,1281.0,1286.0,1270.0,1270.0
2021-10-22,1279.0,1290.0,1270.0,1280.0
2021-10-25,1270.0,1281.0,1264.0,1266.0
2021-10-26,1274.0,1283.0,1273.0,1282.0
2021-10-27,1278.0,1284.0,1276.0,1278.0
2021-10-28,1272.0,1298.0,1272.0,1295.0
2021-10-29,1283.0,1300.0,1273.0,1288.0
2021-11-01,1300.0,1303.0,1288.0,1291.0
2021-11-02,1299.0,1338.0,1299.0,1312.0
2021-11-04,1318.0,1335.0,1318.0,1333.0
2021-11-05,1313.0,1332.0,1308.0,1315.0
2021-11-08,1312.0,1316.0,1294.0,1299.0
2021-11-09,1302.0,1307.0,1293.0,1293.0
2021-11-10,1301.0,1323.0,1300.0,1312.0
2021-11-11,1308.0,1310.0,1300.0,1300.0
2021-11-12,1295.0,1315.0,1295.0,1313.0
2021-11-15,1328.0,1334.0,1313.0,1313.0
2021-11-16,1314.0,1327.0,1313.0,1322.0
2021-11-17,1329.0,1329.0,1316.0,1316.0
2021-11-18,1316.0,1318.0,1310.0,1310.0
2021-11-19,1307.0,1312.0,1306.0,1310.0
2021-11-22,1310.0,1311.0,1305.0,1305.0
2021-11-24,1306.0,1312.0,1302.0,1302.0
2021-11-25,1303.0,1305.0,1291.0,1295.0
2021-11-26,1292.0,1292.0,1272.0,1276.0
2021-11-29,1260.0,1292.0,1259.0,1268.0
2021-11-30,1291.0,1296.0,1251.0,1251.0
2021-12-01,1251.0,1263.0,1245.0,1245.0
2021-12-02,1244.0,1259.0,1244.0,1247.0
2021-12-03,1255.0,1286.0,1255.0,1285.0
2021-12-06,1295.0,1295.0,1265.0,1265.0
2021-12-07,1280.0,1300.0,1276.0,1300.0
2021-12-08,1310.0,1312.0,1290.0,1290.0
2021-12-09,1290.0,1304.0,1285.0,1304.0
2021-12-10,1290.0,1297.0,1274.0,1281.0
2021-12-13,1290.0,1303.0,1290.0,1298.0
2021-12-14,1298.0,1302.0,1293.0,1298.0
2021-12-15,1302.0,1307.0,1298.0,1305.0
2021-12-16,1315.0,1323.0,1314.0,1314.0
2021-12-17,1319.0,1326.0,1305.0,1314.0
2021-12-20,1309.0,1310.0,1285.0,1285.0
2021-12-21,1302.0,1306.0,1272.0,1275.0
2021-12-22,1280.0,1295.0,1280.0,1284.0
2021-12-23,1288.0,1301.0,1284.0,1301.0
2021-12-24,1301.0,1301.0,1281.0,1290.0
2021-12-27,1300.0,1300.0,1278.0,1289.0
2021-12-28,1296.0,1310.0,1291.0,1310.0
2021-12-29,1281.0,1293.0,1257.0,1259.0
2021-12-30,1269.0,1287.0,1260.0,1287.0
2022-01-04,1280.0,1295.0,1273.0,1291.0
2022-01-05,1292.0,1312.0,1292.0,1311.0
2022-01-06,1302.0,1310.0,1290.0,1290.0
2022-01-07,1295.0,1300.0,1285.0,1285.0
2022-01-11,1280.0,1285.0,1270.0,1278.0
2022-01-12,1278.0,1284.0,1270.0,1275.0
2022-01-13,1275.0,1276.0,1265.0,1265.0
2022-01-14,1262.0,1276.0,1258.0,1273.0
2022-01-17,1273.0,1284.0,1269.0,1272.0
2022-01-18,1272.0,1275.0,1258.0,1258.0
2022-01-19,1255.0,1258.0,1246.0,1247.0
2022-01-20,1268.0,1268.0,1246.0,1246.0
2022-01-21,1244.0,1268.0,1240.0,1268.0
2022-01-24,1255.0,1275.0,1255.0,1273.0
2022-01-25,1272.0,1275.0,1262.0,1268.0
2022-01-26,1265.0,1271.0,1250.0,1250.0
2022-01-27,1257.0,1259.0,1240.0,1241.0
2022-01-28,1252.0,1255.0,1245.0,1251.0
2022-01-31,1252.0,1254.0,1246.0,1246.0
2022-02-01,1256.0,1256.0,1234.0,1238.0
2022-02-02,1245.0,1248.0,1235.0,1248.0
2022-02-03,1246.0,1249.0,1240.0,1243.0
2022-02-04,1243.0,1250.0,1240.0,1249.0
2022-02-07,1247.0,1250.0,1241.0,1241.0
2022-02-08,1242.0,1249.0,1242.0,1248.0
2022-02-09,1250.0,1259.0,1247.0,1256.0
2022-02-10,1262.0,1278.0,1260.0,1278.0
2022-02-14,1274.0,1278.0,1265.0,1271.0
2022-02-15,1279.0,1281.0,1265.0,1272.0
2022-02-16,1280.0,1280.0,1265.0,1269.0
2022-02-17,1270.0,1278.0,1265.0,1269.0
2022-02-18,1265.0,1275.0,1260.0,1273.0
2022-02-21,1273.0,1277.0,1268.0,1271.0
2022-02-22,1263.0,1271.0,1257.0,1261.0
2022-02-24,1252.0,1265.0,1243.0,1265.0
2022-02-25,1265.0,1267.0,1250.0,1254.0
2022-02-28,1258.0,1278.0,1255.0,1274.0
2022-03-01,1279.0,1283.0,1257.0,1262.0
2022-03-02,1257.0,1262.0,1251.0,1251.0
2022-03-03,1264.0,1270.0,1263.0,1264.0
2022-03-04,1260.0,1273.0,1260.0,1262.0
2022-03-07,1258.0,1267.0,1252.0,1262.0
2022-03-08,1250.0,1261.0,1241.0,1244.0
2022-03-09,1244.0,1256.0,1244.0,1250.0
2022-03-10,1259.0,1273.0,1259.0,1269.0
2022-03-11,1260.0,1277.0,1260.0,1277.0
2022-03-14,1285.0,1292.0,1277.0,1279.0
2022-03-15,1281.0,1289.0,1277.0,1287.0
2022-03-16,1297.0,1297.0,1282.0,1287.0
2022-03-17,1297.0,1299.0,1285.0,1294.0
2022-03-18,1299.0,1306.0,1287.0,1301.0
2022-03-22,1305.0,1305.0,1292.0,1300.0
2022-03-23,1300.0,1305.0,1294.0,1297.0
2022-03-24,1293.0,1306.0,1288.0,1306.0
2022-03-25,1309.0,1309.0,1290.0,1297.0
2022-03-28,1297.0,1298.0,1282.0,1285.0
2022-03-29,1298.0,1311.0,1287.0,1311.0
2022-03-30,1295.0,1295.0,1277.0,1294.0
2022-03-31,1290.0,1295.0,1277.0,1277.0
2022-04-01,1277.0,1294.0,1271.0,1294.0
2022-04-04,1295.0,1298.0,1287.0,1289.0
2022-04-05,1288.0,1292.0,1280.0,1283.0
2022-04-06,1276.0,1282.0,1271.0,1271.0
2022-04-07,1270.0,1275.0,1265.0,1270.0
2022-04-08,1278.0,1278.0,1252.0,1260.0
2022-04-11,1262.0,1265.0,1253.0,1257.0
2022-04-12,1257.0,1262.0,1254.0,1255.0
2022-04-13,1254.0,1262.0,1254.0,1261.0
2022-04-14,1260.0,1265.0,1256.0,1262.0
2022-04-15,1260.0,1261.0,1255.0,1255.0
2022-04-18,1255.0,1256.0,1246.0,1254.0
2022-04-19,1261.0,1268.0,1256.0,1264.0
2022-04-20,1271.0,1284.0,1268.0,1278.0
2022-04-21,1275.0,1280.0,1266.0,1272.0
2022-04-22,1265.0,1277.0,1263.0,1266.0
2022-04-25,1261.0,1272.0,1260.0,1264.0
2022-04-26,1275.0,1281.0,1266.0,1275.0
2022-04-27,1266.0,1277.0,1259.0,1259.0
2022-04-28,1260.0,1278.0,1260.0,1272.0
2022-05-02,1273.0,1289.0,1273.0,1283.0
2022-05-06,1283.0,1293.0,1277.0,1290.0
2022-05-09,1290.0,1302.0,1285.0,1292.0
2022-05-10,1288.0,1299.0,1284.0,1295.0
2022-05-11,1287.0,1296.0,1284.0,1286.0
2022-05-12,1281.0,1292.0,1281.0,1287.0
2022-05-13,1290.0,1292.0,1281.0,1292.0
2022-05-16,1288.0,1289.0,1241.0,1253.0
2022-05-17,1255.0,1268.0,1251.0,1267.0
2022-05-18,1270.0,1270.0,1256.0,1264.0
2022-05-19,1238.0,1256.0,1237.0,1256.0
2022-05-20,1254.0,1260.0,1254.0,1259.0
2022-05-23,1271.0,1271.0,1262.0,1270.0
2022-05-24,1273.0,1275.0,1264.0,1265.0
2022-05-25,1265.0,1275.0,1265.0,1267.0
2022-05-26,1268.0,1274.0,1267.0,1268.0
2022-05-27,1275.0,1275.0,1267.0,1274.0
2022-05-30,1280.0,1285.0,1273.0,1275.0
2022-05-31,1277.0,1282.0,1275.0,1276.0
2022-06-01,1277.0,1295.0,1277.0,1295.0
2022-06-02,1290.0,1295.0,1287.0,1290.0
2022-06-03,1293.0,1297.0,1290.0,1291.0
2022-06-06,1290.0,1293.0,1287.0,1292.0
2022-06-07,1293.0,1305.0,1292.0,1301.0
2022-06-08,1309.0,1316.0,1309.0,1314.0
2022-06-09,1310.0,1317.0,1306.0,1307.0
2022-06-10,1303.0,1306.0,1300.0,1302.0
2022-06-13,1296.0,1304.0,1294.0,1303.0
2022-06-14,1288.0,1302.0,1288.0,1295.0
2022-06-15,1296.0,1300.0,1288.0,1288.0
2022-06-16,1295.0,1296.0,1280.0,1281.0
2022-06-17,1277.0,1290.0,1271.0,1284.0
2022-06-20,1290.0,1292.0,1277.0,1284.0
2022-06-21,1290.0,1300.0,1288.0,1299.0
2022-06-22,1301.0,1305.0,1289.0,1289.0
2022-06-23,1289.0,1298.0,1289.0,1291.0
2022-06-24,1298.0,1299.0,1292.0,1294.0
2022-06-27,1304.0,1311.0,1294.0,1297.0
2022-06-28,1292.0,1301.0,1284.0,1294.0
2022-06-29,1290.0,1290.0,1261.0,1265.0
2022-06-30,1262.0,1281.0,1261.0,1278.0
2022-07-01,1279.0,1282.0,1264.0,1268.0
2022-07-04,1271.0,1280.0,1267.0,1280.0
2022-07-05,1283.0,1289.0,1279.0,1281.0
2022-07-06,1280.0,1282.0,1274.0,1275.0
2022-07-07,1282.0,1286.0,1278.0,1286.0
2022-07-08,1288.0,1300.0,1287.0,1293.0
2022-07-11,1300.0,1309.0,1297.0,1309.0
2022-07-12,1296.0,1310.0,1296.0,1309.0
2022-07-13,1309.0,1311.0,1307.0,1311.0
2022-07-14,1310.0,1321.0,1309.0,1320.0
2022-07-15,1320.0,1320.0,1312.0,1314.0
2022-07-19,1316.0,1330.0,1316.0,1329.0
2022-07-20,1344.0,1344.0,1335.0,1338.0
2022-07-21,1335.0,1343.0,1334.0,1342.0
2022-07-22,1342.0,1348.0,1339.0,1345.0
2022-07-25,1340.0,1347.0,1336.0,1343.0
2022-07-26,1342.0,1345.0,1337.0,1338.0
2022-07-27,1338.0,1339.0,1330.0,1330.0
2022-07-28,1327.0,1338.0,1321.0,1336.0
2022-07-29,1330.0,1337.0,1326.0,1331.0
2022-08-01,1337.0,1353.0,1337.0,1348.0
2022-08-02,1348.0,1349.0,1338.0,1347.0
2022-08-03,1346.0,1346.0,1335.0,1337.0
2022-08-04,1339.0,1339.0,1321.0,1322.0
2022-08-05,1320.0,1326.0,1317.0,1322.0
2022-08-08,1319.0,1322.0,1315.0,1317.0
2022-08-09,1317.0,1319.0,1308.0,1308.0
2022-08-10,1307.0,1315.0,1303.0,1315.0
2022-08-12,1320.0,1336.0,1320.0,1335.0
2022-08-15,1345.0,1345.0,1330.0,1335.0
2022-08-16,1336.0,1336.0,1320.0,1320.0
2022-08-17,1320.0,1330.0,1320.0,1322.0
2022-08-18,1320.0,1323.0,1316.0,1320.0
2022-08-19,1326.0,1326.0,1319.0,1320.0
2022-08-22,1319.0,1333.0,1317.0,1323.0
2022-08-23,1321.0,1322.0,1311.0,1311.0
2022-08-24,1316.0,1320.0,1313.0,1313.0
2022-08-25,1317.0,1330.0,1317.0,1329.0
2022-08-26,1331.0,1331.0,1321.0,1321.0
2022-08-29,1305.0,1323.0,1305.0,1319.0
2022-08-30,1325.0,1325.0,1318.0,1325.0
2022-08-31,1315.0,1321.0,1315.0,1316.0
2022-09-01,1317.0,1318.0,1310.0,1311.0
2022-09-02,1318.0,1318.0,1308.0,1313.0
2022-09-05,1310.0,1310.0,1303.0,1303.0
2022-09-06,1304.0,1310.0,1300.0,1304.0
2022-09-07,1300.0,1305.0,1296.0,1301.0
2022-09-08,1308.0,1311.0,1304.0,1310.0
2022-09-09,1309.0,1320.0,1309.0,1318.0
2022-09-12,1319.0,1322.0,1310.0,1313.0
2022-09-13,1313.0,1317.0,1309.0,1317.0
2022-09-14,1307.0,1315.0,1304.0,1312.0
2022-09-15,1312.0,1312.0,1304.0,1306.0
2022-09-16,1306.0,1317.0,1306.0,1313.0
2022-09-20,1318.0,1322.0,1312.0,1313.0
2022-09-21,1309.0,1312.0,1305.0,1305.0
2022-09-22,1300.0,1309.0,1298.0,1304.0
2022-09-26,1298.0,1303.0,1286.0,1286.0
2022-09-27,1290.0,1291.0,1283.0,1284.0
2022-09-28,1280.0,1300.0,1277.0,1300.0
2022-09-29,1294.0,1298.0,1286.0,1296.0
2022-09-30,1298.0,1303.0,1293.0,1293.0
2022-10-03,1293.0,1299.0,1291.0,1295.0
2022-10-04,1313.0,1328.0,1311.0,1324.0
2022-10-05,1327.0,1336.0,1327.0,1333.0
2022-10-06,1330.0,1346.0,1330.0,1340.0
2022-10-07,1339.0,1341.0,1331.0,1337.0
2022-10-11,1326.0,1326.0,1308.0,1308.0
2022-10-12,1301.0,1314.0,1301.0,1311.0
2022-10-13,1301.0,1311.0,1301.0,1305.0
2022-10-14,1315.0,1324.0,1305.0,1320.0
2022-10-17,1311.0,1317.0,1309.0,1309.0
2022-10-18,1320.0,1323.0,1315.0,1322.0
2022-10-19,1323.0,1335.0,1322.0,1333.0
2022-10-20,1325.0,1345.0,1325.0,1340.0
2022-10-21,1342.0,1342.0,1331.0,1333.0
2022-10-24,1340.0,1341.0,1327.0,1328.0
2022-10-25,1332.0,1342.0,1329.0,1342.0
2022-10-26,1345.0,1349.0,1342.0,1343.0
2022-10-27,1347.0,1347.0,1340.0,1340.0
2022-10-28,1340.0,1345.0,1319.0,1319.0
2022-10-31,1331.0,1340.0,1331.0,1337.0
2022-11-01,1343.0,1352.0,1341.0,1348.0
2022-11-02,1352.0,1358.0,1351.0,1351.0
2022-11-04,1348.0,1363.0,1348.0,1363.0
2022-11-07,1369.0,1386.0,1364.0,1383.0
2022-11-08,1390.0,1390.0,1383.0,1383.0
2022-11-09,1380.0,1385.0,1365.0,1367.0
2022-11-10,1360.0,1380.0,1360.0,1373.0
2022-11-11,1390.0,1391.0,1379.0,1384.0
2022-11-14,1387.0,1387.0,1371.0,1372.0
2022-11-15,1368.0,1378.0,1366.0,1375.0
2022-11-16,1375.0,1379.0,1371.0,1372.0
2022-11-17,1371.0,1380.0,1371.0,1378.0
2022-11-18,1380.0,1387.0,1378.0,1378.0
2022-11-21,1380.0,1387.0,1380.0,1387.0
2022-11-22,1391.0,1398.0,1390.0,1396.0
2022-11-24,1408.0,1420.0,1407.0,1418.0
2022-11-25,1413.0,1432.0,1413.0,1430.0
2022-11-28,1434.0,1434.0,1424.0,1433.0
2022-11-29,1415.0,1416.0,1384.0,1385.0
2022-11-30,1382.0,1399.0,1382.0,1385.0
2022-12-01,1398.0,1398.0,1386.0,1393.0
2022-12-02,1386.0,1388.0,1378.0,1388.0
2022-12-05,1388.0,1388.0,1366.0,1369.0
2022-12-06,1360.0,1367.0,1356.0,1367.0
2022-12-07,1359.0,1376.0,1359.0,1372.0
2022-12-08,1353.0,1364.0,1338.0,1346.0
2022-12-09,1338.0,1364.0,1338.0,1364.0
2022-12-12,1362.0,1375.0,1362.0,1372.0
2022-12-13,1373.0,1388.0,1373.0,1376.0
2022-12-14,1376.0,1379.0,1368.0,1373.0
2022-12-15,1371.0,1389.0,1370.0,1389.0
2022-12-16,1382.0,1389.0,1374.0,1377.0
2022-12-19,1373.0,1380.0,1372.0,1377.0
2022-12-20,1378.0,1389.0,1358.0,1362.0
2022-12-21,1357.0,1369.0,1354.0,1362.0
2022-12-22,1362.0,1375.0,1361.0,1373.0
2022-12-23,1360.0,1376.0,1360.0,1376.0
2022-12-26,1376.0,1378.0,1362.0,1363.0
2022-12-27,1360.0,1366.0,1346.0,1358.0
2022-12-28,1338.0,1352.0,1329.0,1334.0
2022-12-29,1314.0,1329.0,1302.0,1325.0
2022-12-30,1328.0,1342.0,1320.0,1325.0
2023-01-04,1317.0,1322.0,1308.0,1309.0
2023-01-05,1309.0,1309.0,1292.0,1304.0
2023-01-06,1303.0,1316.0,1300.0,1315.0
2023-01-10,1320.0,1331.0,1316.0,1331.0
2023-01-11,1336.0,1341.0,1332.0,1339.0
2023-01-12,1339.0,1339.0,1331.0,1339.0
2023-01-13,1340.0,1348.0,1338.0,1341.0
2023-01-16,1331.0,1342.0,1323.0,1336.0
2023-01-17,1340.0,1344.0,1337.0,1340.0
2023-01-18,1344.0,1356.0,1339.0,1345.0
2023-01-19,1345.0,1349.0,1343.0,1343.0
2023-01-20,1343.0,1354.0,1341.0,1354.0
2023-01-23,1363.0,1367.0,1357.0,1367.0
2023-01-24,1369.0,1372.0,1363.0,1369.0
2023-01-25,1363.0,1375.0,1363.0,1372.0
2023-01-26,1376.0,1379.0,1372.0,1372.0
2023-01-27,1375.0,1375.0,1361.0,1362.0
2023-01-30,1364.0,1372.0,1364.0,1372.0
2023-01-31,1370.0,1375.0,1365.0,1373.0
2023-02-01,1380.0,1380.0,1369.0,1374.0
2023-02-02,1374.0,1374.0,1355.0,1362.0
2023-02-03,1362.0,1362.0,1349.0,1349.0
2023-02-06,1360.0,1362.0,1350.0,1354.0
2023-02-07,1354.0,1363.0,1354.0,1360.0
2023-02-08,1363.0,1375.0,1362.0,1375.0
2023-02-09,1371.0,1392.0,1368.0,1392.0
2023-02-10,1388.0,1397.0,1384.0,1390.0
2023-02-13,1397.0,1397.0,1383.0,1384.0
2023-02-14,1393.0,1394.0,1386.0,1394.0
2023-02-15,1398.0,1398.0,1382.0,1382.0
2023-02-16,1382.0,1389.0,1382.0,1385.0
2023-02-17,1382.0,1385.0,1380.0,1380.0
2023-02-20,1385.0,1386.0,1380.0,1380.0
2023-02-21,1388.0,1392.0,1383.0,1383.0
2023-02-22,1380.0,1384.0,1378.0,1379.0
2023-02-24,1385.0,1390.0,1379.0,1389.0
2023-02-27,1389.0,1404.0,1389.0,1400.0
2023-02-28,1405.0,1406.0,1398.0,1398.0
2023-03-01,1395.0,1409.0,1395.0,1409.0
2023-03-02,1413.0,1413.0,1404.0,1412.0
2023-03-03,1413.0,1434.0,1411.0,1429.0
2023-03-06,1428.0,1453.0,1428.0,1441.0
2023-03-07,1446.0,1465.0,1441.0,1464.0
2023-03-08,1465.0,1483.0,1462.0,1480.0
2023-03-09,1487.0,1515.0,1487.0,1513.0
2023-03-10,1500.0,1513.0,1493.0,1502.0
2023-03-13,1495.0,1495.0,1472.0,1489.0
2023-03-14,1472.0,1475.0,1440.0,1466.0
2023-03-15,1487.0,1501.0,1477.0,1501.0
2023-03-16,1469.0,1483.0,1465.0,1477.0
2023-03-17,1474.0,1487.0,1464.0,1464.0
2023-03-20,1462.0,1468.0,1441.0,1441.0
2023-03-22,1468.0,1468.0,1459.0,1466.0
2023-03-23,1468.0,1468.0,1450.0,1461.0
2023-03-24,1452.0,1457.0,1448.0,1452.0
2023-03-27,1457.0,1472.0,1457.0,1470.0
2023-03-28,1480.0,1482.0,1461.0,1466.0
2023-03-29,1473.0,1505.0,1472.0,1503.0
2023-03-30,1470.0,1499.0,1470.0,1495.0
2023-03-31,1499.0,1522.0,1499.0,1519.0
2023-04-03,1528.0,1546.0,1526.0,1540.0
2023-04-04,1547.0,1557.0,1540.0,1556.0
2023-04-05,1536.0,1545.0,1520.0,1520.0
2023-04-06,1510.0,1516.0,1499.0,1501.0
2023-04-07,1501.0,1514.0,1500.0,1513.0
2023-04-10,1513.0,1521.0,1501.0,1505.0
2023-04-11,1516.0,1530.0,1514.0,1529.0
2023-04-12,1535.0,1547.0,1528.0,1539.0
2023-04-13,1541.0,1550.0,1531.0,1543.0
2023-04-14,1553.0,1553.0,1530.0,1533.0
2023-04-17,1531.0,1536.0,1524.0,1536.0
2023-04-18,1537.0,1559.0,1534.0,1547.0
2023-04-19,1537.0,1545.0,1535.0,1538.0
2023-04-20,1539.0,1557.0,1539.0,1554.0
2023-04-21,1543.0,1575.0,1543.0,1567.0
2023-04-24,1579.0,1636.0,1579.0,1623.0
2023-04-25,1624.0,1658.0,1617.0,1625.0
2023-04-26,1622.0,1633.0,1617.0,1623.0
2023-04-27,1611.0,1618.0,1602.0,1614.0
2023-04-28,1622.0,1645.0,1619.0,1642.0
2023-05-01,1635.0,1642.0,1618.0,1634.0
2023-05-02,1627.0,1629.0,1605.0,1612.0
2023-05-08,1620.0,1631.0,1613.0,1627.0
2023-05-09,1620.0,1634.0,1620.0,1624.0
2023-05-10,1624.0,1625.0,1610.0,1615.0
2023-05-11,1616.0,1621.0,1611.0,1615.0
2023-05-12,1610.0,1617.0,1604.0,1615.0
2023-05-15,1615.0,1620.0,1609.0,1620.0
2023-05-16,1610.0,1618.0,1607.0,1611.0
2023-05-17,1618.0,1618.0,1564.0,1564.0
2023-05-18,1571.0,1615.0,1571.0,1610.0
2023-05-19,1605.0,1610.0,1597.0,1598.0
2023-05-22,1604.0,1607.0,1597.0,1605.0
2023-05-23,1606.0,1607.0,1589.0,1595.0
2023-05-24,1589.0,1598.0,1582.0,1583.0
2023-05-25,1582.0,1582.0,1572.0,1580.0
2023-05-26,1578.0,1579.0,1565.0,1565.0
2023-05-29,1580.0,1580.0,1569.0,1571.0
2023-05-30,1570.0,1575.0,1563.0,1574.0
2023-05-31,1563.0,1569.0,1549.0,1550.0
2023-06-01,1547.0,1563.0,1544.0,1549.0
2023-06-02,1548.0,1570.0,1548.0,1569.0
2023-06-05,1590.0,1611.0,1588.0,1611.0
2023-06-06,1606.0,1624.0,1605.0,1616.0
2023-06-07,1620.0,1627.0,1605.0,1610.0
2023-06-08,1604.0,1618.0,1595.0,1600.0
2023-06-09,1612.0,1615.0,1607.0,1612.0
2023-06-12,1624.0,1632.0,1618.0,1628.0
2023-06-13,1637.0,1651.0,1633.0,1637.0
2023-06-14,1650.0,1650.0,1634.0,1646.0
2023-06-15,1640.0,1641.0,1628.0,1631.0
2023-06-16,1631.0,1643.0,1627.0,1640.0
2023-06-19,1641.0,1648.0,1632.0,1636.0
2023-06-20,1636.0,1642.0,1633.0,1641.0
2023-06-21,1641.0,1646.0,1633.0,1635.0
2023-06-22,1635.0,1640.0,1607.0,1611.0
2023-06-23,1621.0,1624.0,1598.0,1604.0
2023-06-26,1604.0,1619.0,1598.0,1612.0
2023-06-27,1603.0,1608.0,1587.0,1602.0
2023-06-28,1605.0,1612.0,1581.0,1597.0
2023-06-29,1587.0,1587.0,1554.0,1557.0
2023-06-30,1557.0,1564.0,1543.0,1547.0
2023-07-03,1552.0,1564.0,1542.0,1545.0
2023-07-04,1540.0,1540.0,1517.0,1517.0
2023-07-05,1510.0,1515.0,1499.0,1503.0
2023-07-06,1503.0,1534.0,1502.0,1515.0
2023-07-07,1510.0,1513.0,1497.0,1500.0
2023-07-10,1499.0,1509.0,1495.0,1500.0
2023-07-11,1512.0,1515.0,1503.0,1505.0
2023-07-12,1513.0,1515.0,1505.0,1505.0
2023-07-13,1510.0,1519.0,1503.0,1513.0
2023-07-14,1520.0,1521.0,1504.0,1510.0
2023-07-18,1511.0,1538.0,1511.0,1534.0
2023-07-19,1545.0,1553.0,1531.0,1543.0
2023-07-20,1544.0,1545.0,1525.0,1528.0
2023-07-21,1531.0,1534.0,1517.0,1521.0
2023-07-24,1528.0,1538.0,1526.0,1532.0
2023-07-25,1529.0,1540.0,1529.0,1534.0
2023-07-26,1534.0,1536.0,1523.0,1525.0
2023-07-27,1525.0,1534.0,1524.0,1534.0
2023-07-28,1533.0,1537.0,1521.0,1537.0
2023-07-31,1541.0,1542.0,1528.0,1530.0
2023-08-01,1512.0,1521.0,1504.0,1517.0
2023-08-02,1509.0,1516.0,1502.0,1504.0
2023-08-03,1500.0,1501.0,1477.0,1477.0
2023-08-04,1473.0,1485.0,1465.0,1466.0
2023-08-07,1461.0,1475.0,1453.0,1468.0
2023-08-08,1466.0,1477.0,1466.0,1470.0
2023-08-09,1463.0,1467.0,1456.0,1465.0
2023-08-10,1465.0,1478.0,1457.0,1478.0
2023-08-14,1485.0,1488.0,1480.0,1484.0
2023-08-15,1484.0,1500.0,1482.0,1499.0
2023-08-16,1494.0,1500.0,1490.0,1492.0
2023-08-17,1490.0,1499.0,1484.0,1498.0
2023-08-18,1495.0,1505.0,1493.0,1498.0
2023-08-21,1499.0,1513.0,1498.0,1502.0
2023-08-22,1509.0,1509.0,1493.0,1498.0
2023-08-23,1505.0,1505.0,1492.0,1501.0
2023-08-24,1497.0,1510.0,1497.0,1505.0
2023-08-25,1500.0,1508.0,1500.0,1501.0
2023-08-28,1503.0,1519.0,1503.0,1517.0
2023-08-29,1520.0,1522.0,1510.0,1513.0
2023-08-30,1520.0,1520.0,1506.0,1510.0
2023-08-31,1510.0,1515.0,1508.0,1510.0
2023-09-01,1512.0,1519.0,1509.0,1518.0
2023-09-04,1522.0,1525.0,1509.0,1524.0
2023-09-05,1525.0,1530.0,1522.0,1530.0
2023-09-06,1530.0,1538.0,1527.0,1532.0
2023-09-07,1523.0,1533.0,1523.0,1528.0
2023-09-08,1525.0,1534.0,1524.0,1525.0
2023-09-11,1530.0,1535.0,1521.0,1526.0
2023-09-12,1531.0,1533.0,1524.0,1528.0
2023-09-13,1525.0,1529.0,1520.0,1524.0
2023-09-14,1525.0,1527.0,1514.0,1520.0
2023-09-15,1526.0,1532.0,1521.0,1529.0
2023-09-19,1529.0,1536.0,1520.0,1535.0
2023-09-20,1546.0,1550.0,1531.0,1532.0
2023-09-21,1540.0,1543.0,1535.0,1538.0
2023-09-22,1534.0,1540.0,1523.0,1532.0
2023-09-25,1526.0,1551.0,1526.0,1545.0
2023-09-26,1548.0,1548.0,1536.0,1536.0
2023-09-27,1535.0,1548.0,1523.0,1548.0
2023-09-28,1517.0,1527.0,1514.0,1517.0
2023-09-29,1528.0,1529.0,1511.0,1514.0
2023-10-02,1515.0,1528.0,1509.0,1511.0
2023-10-03,1512.0,1512.0,1490.0,1492.0
2023-10-04,1480.0,1491.0,1464.0,1466.0
2023-10-05,1487.0,1499.0,1483.0,1492.0
2023-10-06,1498.0,1508.0,1484.0,1491.0
2023-10-10,1505.0,1513.0,1502.0,1511.0
2023-10-11,1511.0,1515.0,1506.0,1506.0
2023-10-12,1506.0,1526.0,1506.0,1524.0
2023-10-13,1511.0,1522.0,1506.0,1511.0
2023-10-16,1501.0,1511.0,1491.0,1494.0
2023-10-17,1500.0,1508.0,1492.0,1498.0
2023-10-18,1497.0,1501.0,1480.0,1491.0
2023-10-19,1481.0,1494.0,1481.0,1489.0
2023-10-20,1494.0,1500.0,1485.0,1493.0
2023-10-23,1493.0,1496.0,1480.0,1480.0
2023-10-24,1479.0,1480.0,1451.0,1474.0
2023-10-25,1478.0,1478.0,1468.0,1471.0
2023-10-26,1469.0,1481.0,1460.0,1462.0
2023-10-27,1462.0,1482.0,1462.0,1481.0
2023-10-30,1475.0,1480.0,1460.0,1467.0
2023-10-31,1474.0,1482.0,1463.0,1479.0
2023-11-01,1509.0,1524.0,1509.0,1518.0
2023-11-02,1525.0,1526.0,1507.0,1519.0
2023-11-06,1533.0,1538.0,1520.0,1534.0
2023-11-07,1535.0,1547.0,1533.0,1534.0
2023-11-08,1530.0,1543.0,1518.0,1529.0
2023-11-09,1535.0,1537.0,1527.0,1531.0
2023-11-10,1530.0,1543.0,1526.0,1542.0
2023-11-13,1547.0,1552.0,1540.0,1551.0
2023-11-14,1550.0,1559.0,1547.0,1551.0
2023-11-15,1561.0,1561.0,1547.0,1555.0
2023-11-16,1554.0,1560.0,1545.0,1556.0
2023-11-17,1557.0,1572.0,1557.0,1564.0
2023-11-20,1568.0,1575.0,1560.0,1560.0
2023-11-21,1558.0,1566.0,1555.0,1561.0
2023-11-22,1565.0,1575.0,1562.0,1563.0
2023-11-24,1575.0,1575.0,1566.0,1570.0
2023-11-27,1570.0,1578.0,1562.0,1565.0
2023-11-28,1565.0,1570.0,1562.0,1566.0
2023-11-29,1564.0,1577.0,1564.0,1568.0
2023-11-30,1572.0,1582.0,1567.0,1580.0
2023-12-01,1582.0,1585.0,1570.0,1570.0
2023-12-04,1574.0,1584.0,1570.0,1583.0
2023-12-05,1578.0,1588.0,1570.0,1570.0
2023-12-06,1571.0,1581.0,1569.0,1575.0
2023-12-07,1570.0,1573.0,1558.0,1561.0
2023-12-08,1557.0,1564.0,1539.0,1542.0
2023-12-11,1548.0,1558.0,1548.0,1558.0
2023-12-12,1564.0,1568.0,1561.0,1563.0
2023-12-13,1567.0,1567.0,1553.0,1560.0
2023-12-14,1558.0,1562.0,1549.0,1554.0
2023-12-15,1548.0,1552.0,1527.0,1527.0
2023-12-18,1520.0,1526.0,1515.0,1526.0
2023-12-19,1524.0,1525.0,1512.0,1522.0
2023-12-20,1522.0,1525.0,1517.0,1518.0
2023-12-21,1512.0,1514.0,1508.0,1512.0
2023-12-22,1512.0,1525.0,1512.0,1525.0
2023-12-25,1534.0,1534.0,1518.0,1521.0
2023-12-26,1524.0,1525.0,1511.0,1517.0
2023-12-27,1516.0,1521.0,1505.0,1511.0
2023-12-28,1490.0,1508.0,1490.0,1499.0
2023-12-29,1499.0,1532.0,1499.0,1525.0
2024-01-04,1520.0,1530.0,1509.0,1530.0
2024-01-05,1526.0,1549.0,1521.0,1523.0
2024-01-09,1526.0,1542.0,1519.0,1542.0
2024-01-10,1551.0,1577.0,1551.0,1572.0
2024-01-11,1588.0,1588.0,1571.0,1585.0
2024-01-12,1585.0,1593.0,1579.0,1586.0
2024-01-15,1580.0,1597.0,1580.0,1593.0
2024-01-16,1593.0,1598.0,1575.0,1576.0
2024-01-17,1578.0,1599.0,1574.0,1583.0
2024-01-18,1579.0,1587.0,1578.0,1584.0
2024-01-19,1580.0,1591.0,1580.0,1590.0
2024-01-22,1591.0,1599.0,1591.0,1597.0
2024-01-23,1596.0,1597.0,1583.0,1584.0
2024-01-24,1580.0,1583.0,1565.0,1567.0
2024-01-25,1562.0,1580.0,1562.0,1577.0
2024-01-26,1577.0,1583.0,1572.0,1572.0
2024-01-29,1576.0,1587.0,1576.0,1587.0
2024-01-30,1590.0,1593.0,1585.0,1587.0
2024-01-31,1574.0,1585.0,1572.0,1580.0
2024-02-01,1575.0,1587.0,1573.0,1581.0
2024-02-02,1583.0,1596.0,1583.0,1592.0
2024-02-05,1590.0,1600.0,1590.0,1599.0
2024-02-06,1599.0,1608.0,1588.0,1593.0
2024-02-07,1590.0,1608.0,1590.0,1605.0
2024-02-08,1601.0,1606.0,1589.0,1601.0
2024-02-09,1589.0,1607.0,1589.0,1598.0
2024-02-13,1597.0,1605.0,1597.0,1602.0
2024-02-14,1602.0,1602.0,1585.0,1588.0
2024-02-15,1592.0,1594.0,1583.0,1586.0
2024-02-16,1586.0,1590.0,1577.0,1578.0
2024-02-19,1575.0,1580.0,1564.0,1574.0
2024-02-20,1579.0,1594.0,1579.0,1588.0
2024-02-21,1588.0,1593.0,1580.0,1592.0
2024-02-22,1597.0,1612.0,1591.0,1611.0
2024-02-26,1619.0,1621.0,1606.0,1611.0
2024-02-27,1608.0,1647.0,1608.0,1647.0
2024-02-28,1636.0,1674.0,1636.0,1664.0
2024-02-29,1660.0,1667.0,1649.0,1660.0
2024-03-01,1655.0,1672.0,1653.0,1668.0
2024-03-04,1668.0,1668.0,1642.0,1648.0
2024-03-05,1650.0,1666.0,1648.0,1653.0
2024-03-06,1640.0,1652.0,1635.0,1643.0
2024-03-07,1659.0,1659.0,1646.0,1652.0
2024-03-08,1652.0,1678.0,1652.0,1667.0
2024-03-11,1664.0,1665.0,1645.0,1659.0
2024-03-12,1659.0,1677.0,1645.0,1677.0
2024-03-13,1680.0,1693.0,1673.0,1687.0
2024-03-14,1689.0,1695.0,1680.0,1692.0
2024-03-15,1697.0,1717.0,1697.0,1707.0
2024-03-18,1718.0,1725.0,1691.0,1697.0
2024-03-19,1698.0,1699.0,1682.0,1694.0
2024-03-21,1709.0,1712.0,1697.0,1701.0
2024-03-22,1708.0,1708.0,1689.0,1697.0
2024-03-25,1694.0,1698.0,1681.0,1691.0
2024-03-26,1686.0,1700.0,1685.0,1697.0
2024-03-27,1700.0,1728.0,1700.0,1718.0
2024-03-28,1693.0,1722.0,1693.0,1704.0
2024-03-29,1718.0,1751.0,1718.0,1743.0
2024-04-01,1737.0,1737.0,1712.0,1719.0
2024-04-02,1719.0,1743.0,1712.0,1715.0
2024-04-03,1715.0,1740.0,1712.0,1729.0
2024-04-04,1744.0,1744.0,1726.0,1734.0
2024-04-05,1729.0,1738.0,1723.0,1737.0
2024-04-08,1734.0,1734.0,1717.0,1731.0
2024-04-09,1729.0,1748.0,1729.0,1748.0
2024-04-10,1746.0,1778.0,1745.0,1773.0
2024-04-11,1771.0,1772.0,1755.0,1764.0
2024-04-12,1772.0,1774.0,1761.0,1770.0
2024-04-15,1778.0,1792.0,1766.0,1786.0
2024-04-16,1785.0,1785.0,1748.0,1750.0
2024-04-17,1747.0,1759.0,1720.0,1727.0
2024-04-18,1717.0,1731.0,1704.0,1719.0
2024-04-19,1702.0,1721.0,1670.0,1687.0
2024-04-22,1701.0,1709.0,1687.0,1700.0
2024-04-23,1708.0,1722.0,1703.0,1706.0
2024-04-24,1713.0,1725.0,1708.0,1725.0
2024-04-25,1711.0,1716.0,1705.0,1710.0
2024-04-26,1714.0,1721.0,1697.0,1715.0
2024-04-30,1734.0,1734.0,1715.0,1721.0
2024-05-01,1717.0,1723.0,1703.0,1710.0
2024-05-02,1712.0,1724.0,1710.0,1720.0
2024-05-07,1720.0,1746.0,1720.0,1742.0
2024-05-08,1740.0,1746.0,1724.0,1727.0
2024-05-09,1722.0,1738.0,1721.0,1735.0
2024-05-10,1735.0,1740.0,1727.0,1736.0
2024-05-13,1733.0,1751.0,1732.0,1741.0
2024-05-14,1752.0,1755.0,1740.0,1751.0
2024-05-15,1751.0,1828.0,1736.0,1808.0
2024-05-16,1808.0,1808.0,1772.0,1781.0
2024-05-17,1770.0,1800.0,1764.0,1800.0
2024-05-20,1800.0,1835.0,1800.0,1820.0
2024-05-21,1820.0,1829.0,1803.0,1815.0
2024-05-22,1815.0,1821.0,1806.0,1814.0
2024-05-23,1807.0,1814.0,1781.0,1783.0
2024-05-24,1761.0,1786.0,1752.0,1778.0
2024-05-27,1784.0,1807.0,1784.0,1807.0
2024-05-28,1807.0,1824.0,1807.0,1824.0
2024-05-29,1822.0,1835.0,1807.0,1808.0
2024-05-30,1800.0,1834.0,1799.0,1832.0
2024-05-31,1841.0,1861.0,1834.0,1857.0
2024-06-03,1900.0,1900.0,1870.0,1876.0
2024-06-04,1885.0,1890.0,1873.0,1888.0
2024-06-05,1896.0,1896.0,1859.0,1863.0
2024-06-06,1869.0,1887.0,1854.0,1860.0
2024-06-07,1862.0,1871.0,1828.0,1829.0
2024-06-10,1828.0,1843.0,1828.0,1835.0
2024-06-11,1850.0,1865.0,1838.0,1839.0
2024-06-12,1841.0,1849.0,1825.0,1825.0
2024-06-13,1825.0,1825.0,1783.0,1793.0
2024-06-14,1792.0,1820.0,1790.0,1819.0
2024-06-17,1817.0,1817.0,1777.0,1800.0
2024-06-18,1807.0,1815.0,1796.0,1800.0
2024-06-19,1817.0,1835.0,1810.0,1822.0
2024-06-20,1816.0,1831.0,1786.0,1793.0
2024-06-21,1785.0,1805.0,1781.0,1785.0
2024-06-24,1786.0,1797.0,1775.0,1792.0
2024-06-25,1805.0,1827.0,1802.0,1814.0
2024-06-26,1854.0,1854.0,1830.0,1836.0
2024-06-27,1841.0,1842.0,1823.0,1836.0
2024-06-28,1831.0,1857.0,1830.0,1856.0
2024-07-01,1856.0,1875.0,1841.0,1855.0
2024-07-02,1865.0,1874.0,1850.0,1874.0
2024-07-03,1893.0,1899.0,1882.0,1899.0
2024-07-04,1900.0,1904.0,1878.0,1900.0
2024-07-05,1908.0,1910.0,1879.0,1891.0
2024-07-08,1947.0,1962.0,1920.0,1932.0
2024-07-09,1948.0,1975.0,1935.0,1942.0
2024-07-10,1931.0,1931.0,1881.0,1897.0
2024-07-11,1915.0,1915.0,1894.0,1905.0
2024-07-12,1900.0,1930.0,1892.0,1919.0
2024-07-16,1945.0,1960.0,1920.0,1922.0
2024-07-17,1934.0,1936.0,1921.0,1927.0
2024-07-18,1920.0,1928.0,1903.0,1904.0
2024-07-19,1899.0,1910.0,1892.0,1902.0
2024-07-22,1902.0,1902.0,1871.0,1873.0
2024-07-23,1877.0,1887.0,1870.0,1879.0
2024-07-24,1879.0,1881.0,1844.0,1849.0
2024-07-25,1818.0,1851.0,1818.0,1835.0
2024-07-26,1840.0,1858.0,1840.0,1850.0
2024-07-29,1879.0,1879.0,1858.0,1871.0
2024-07-30,1871.0,1871.0,1854.0,1855.0
2024-07-31,1850.0,1929.0,1850.0,1929.0
2024-08-01,1898.0,1898.0,1806.0,1816.0
2024-08-02,1798.0,1798.0,1732.0,1733.0
2024-08-05,1640.0,1666.0,1510.0,1561.0
2024-08-06,1641.0,1680.0,1604.0,1672.0
2024-08-07,1676.0,1719.0,1624.0,1673.0
2024-08-08,1666.0,1680.0,1644.0,1647.0
2024-08-09,1687.0,1713.0,1668.0,1690.0
2024-08-13,1709.0,1727.0,1704.0,1719.0
2024-08-14,1719.0,1735.0,1705.0,1727.0
2024-08-15,1745.0,1754.0,1736.0,1746.0
2024-08-16,1758.0,1783.0,1758.0,1783.0
2024-08-19,1781.0,1789.0,1768.0,1775.0
2024-08-20,1780.0,1787.0,1774.0,1787.0
2024-08-21,1777.0,1791.0,1777.0,1786.0
2024-08-22,1800.0,1812.0,1785.0,1796.0
2024-08-23,1799.0,1813.0,1799.0,1805.0
2024-08-26,1814.0,1835.0,1806.0,1832.0
2024-08-27,1836.0,1837.0,1824.0,1837.0
2024-08-28,1834.0,1834.0,1811.0,1832.0
2024-08-29,1839.0,1843.0,1823.0,1838.0
2024-08-30,1838.0,1840.0,1826.0,1832.0
2024-09-02,1835.0,1835.0,1811.0,1820.0
2024-09-03,1820.0,1826.0,1815.0,1821.0
2024-09-04,1800.0,1812.0,1788.0,1793.0
2024-09-05,1790.0,1814.0,1788.0,1803.0
2024-09-06,1796.0,1803.0,1778.0,1782.0
2024-09-09,1756.0,1791.0,1756.0,1781.0
2024-09-10,1768.0,1793.0,1757.0,1759.0
2024-09-11,1755.0,1755.0,1706.0,1720.0
2024-09-12,1760.0,1763.0,1727.0,1744.0
2024-09-13,1736.0,1742.0,1726.0,1726.0
2024-09-17,1728.0,1740.0,1721.0,1733.0
2024-09-18,1748.0,1748.0,1725.0,1744.0
2024-09-19,1750.0,1752.0,1737.0,1745.0
2024-09-20,1773.0,1773.0,1742.0,1745.0
2024-09-24,1754.0,1769.0,1748.0,1767.0
2024-09-25,1763.0,1772.0,1750.0,1767.0
2024-09-26,1776.0,1812.0,1775.0,1803.0
2024-09-27,1782.0,1805.0,1780.0,1798.0
2024-09-30,1758.0,1784.0,1758.0,1768.0
2024-10-01,1783.0,1806.0,1772.0,1804.0
2024-10-02,1803.0,1821.0,1793.0,1793.0
2024-10-03,1833.0,1836.0,1814.0,1828.0
2024-10-04,1838.0,1838.0,1825.0,1828.0
2024-10-07,1850.0,1854.0,1823.0,1828.0
2024-10-08,1825.0,1847.0,1822.0,1840.0
2024-10-09,1859.0,1863.0,1850.0,1856.0
2024-10-10,1865.0,1865.0,1832.0,1834.0
2024-10-11,1840.0,1852.0,1831.0,1838.0
2024-10-15,1858.0,1858.0,1832.0,1833.0
2024-10-16,1832.0,1852.0,1831.0,1849.0
2024-10-17,1849.0,1849.0,1830.0,1838.0
2024-10-18,1848.0,1848.0,1834.0,1834.0
2024-10-21,1836.0,1838.0,1816.0,1817.0
2024-10-22,1824.0,1827.0,1802.0,1809.0
2024-10-23,1809.0,1814.0,1789.0,1789.0
2024-10-24,1780.0,1794.0,1770.0,1780.0
2024-10-25,1783.0,1783.0,1757.0,1765.0
2024-10-28,1773.0,1793.0,1756.0,1777.0
2024-10-29,1798.0,1813.0,1786.0,1803.0
2024-10-30,1815.0,1819.0,1797.0,1797.0
2024-10-31,1807.0,1827.0,1790.0,1816.0
2024-11-01,1809.0,1823.0,1789.0,1789.0
2024-11-05,1790.0,1810.0,1787.0,1800.0
2024-11-06,1806.0,1819.0,1801.0,1806.0
2024-11-07,1823.0,1859.0,1823.0,1856.0
2024-11-08,1852.0,1863.0,1843.0,1851.0
2024-11-11,1841.0,1850.0,1830.0,1845.0
2024-11-12,1845.0,1851.0,1833.0,1834.0
2024-11-13,1832.0,1852.0,1829.0,1840.0
2024-11-14,1840.0,1848.0,1818.0,1818.0
2024-11-15,1820.0,1837.0,1820.0,1820.0
2024-11-18,1800.0,1819.0,1800.0,1808.0
2024-11-19,1810.0,1810.0,1791.0,1801.0
2024-11-20,1801.0,1810.0,1792.0,1795.0
2024-11-21,1793.0,1801.0,1791.0,1794.0
2024-11-22,1791.0,1804.0,1790.0,1800.0
2024-11-25,1800.0,1804.0,1783.0,1783.0
2024-11-26,1783.0,1799.0,1782.0,1784.0
2024-11-27,1780.0,1783.0,1757.0,1757.0
2024-11-28,1759.0,1787.0,1759.0,1787.0
2024-11-29,1786.0,1803.0,1783.0,1793.0
2024-12-02,1784.0,1791.0,1778.0,1784.0
2024-12-03,1784.0,1804.0,1784.0,1790.0
2024-12-04,1788.0,1790.0,1771.0,1777.0
2024-12-05,1780.0,1788.0,1777.0,1777.0
2024-12-06,1777.0,1784.0,1773.0,1784.0
2024-12-09,1786.0,1789.0,1776.0,1780.0
2024-12-10,1781.0,1781.0,1762.0,1762.0
2024-12-11,1762.0,1773.0,1755.0,1766.0
2024-12-12,1770.0,1777.0,1760.0,1760.0
2024-12-13,1760.0,1763.0,1751.0,1755.0
2024-12-16,1755.0,1758.0,1740.0,1740.0
2024-12-17,1747.0,1747.0,1715.0,1718.0
2024-12-18,1720.0,1732.0,1712.0,1732.0
2024-12-19,1724.0,1745.0,1717.0,1740.0
2024-12-20,1743.0,1749.0,1739.0,1741.0
2024-12-23,1744.0,1752.0,1743.0,1749.0
2024-12-24,1755.0,1767.0,1754.0,1759.0
2024-12-25,1773.0,1776.0,1746.0,1758.0
2024-12-26,1758.0,1770.0,1751.0,1759.0
2024-12-27,1753.0,1780.0,1736.0,1778.0
2024-12-30,1778.0,1799.0,1778.0,1787.0
2025-01-06,1779.0,1779.0,1747.0,1747.0
2025-01-07,1752.0,1752.0,1734.0,1740.0
2025-01-08,1740.0,1745.0,1728.0,1728.0
2025-01-09,1727.0,1727.0,1698.0,1699.0
2025-01-10,1698.0,1701.0,1680.0,1680.0
2025-01-14,1672.0,1672.0,1651.0,1660.0
2025-01-15,1660.0,1673.0,1660.0,1665.0
2025-01-16,1674.0,1675.0,1660.0,1660.0
2025-01-17,1656.0,1661.0,1646.0,1652.0
2025-01-20,1652.0,1668.0,1652.0,1662.0
2025-01-21,1670.0,1672.0,1664.0,1666.0
2025-01-22,1679.0,1679.0,1664.0,1665.0
2025-01-23,1666.0,1672.0,1660.0,1670.0
2025-01-24,1678.0,1687.0,1670.0,1670.0
2025-01-27,1680.0,1692.0,1675.0,1683.0
2025-01-28,1680.0,1704.0,1676.0,1704.0
2025-01-29,1704.0,1706.0,1696.0,1696.0
2025-01-30,1708.0,1732.0,1708.0,1731.0
2025-01-31,1737.0,1737.0,1727.0,1728.0
2025-02-03,1742.0,1742.0,1715.0,1715.0
2025-02-04,1739.0,1739.0,1705.0,1706.0
2025-02-05,1718.0,1742.0,1718.0,1729.0
2025-02-06,1738.0,1742.0,1731.0,1742.0
2025-02-07,1746.0,1768.0,1736.0,1765.0
2025-02-10,1765.0,1780.0,1760.0,1780.0
2025-02-12,1781.0,1802.0,1770.0,1790.0
2025-02-13,1800.0,1824.0,1800.0,1824.0
2025-02-14,1827.0,1827.0,1800.0,1802.0
2025-02-17,1802.0,1816.0,1800.0,1800.0
2025-02-18,1798.0,1802.0,1785.0,1789.0
2025-02-19,1781.0,1794.0,1781.0,1785.0
2025-02-20,1788.0,1792.0,1774.0,1786.0
2025-02-21,1767.0,1785.0,1767.0,1783.0
2025-02-25,1780.0,1788.0,1773.0,1786.0
2025-02-26,1778.0,1784.0,1767.0,1783.0
2025-02-27,1780.0,1806.0,1775.0,1805.0
2025-02-28,1810.0,1820.0,1788.0,1800.0
2025-03-03,1815.0,1820.0,1799.0,1807.0
2025-03-04,1807.0,1820.0,1800.0,1818.0
2025-03-05,1818.0,1844.0,1817.0,1838.0
2025-03-06,1833.0,1856.0,1831.0,1855.0
2025-03-07,1847.0,1847.0,1814.0,1832.0
2025-03-10,1836.0,1838.0,1827.0,1830.0
2025-03-11,1827.0,1827.0,1808.0,1818.0
2025-03-12,1825.0,1830.0,1817.0,1825.0
2025-03-13,1825.0,1841.0,1822.0,1839.0
2025-03-14,1829.0,1842.0,1825.0,1842.0
2025-03-17,1842.0,1852.0,1840.0,1846.0
2025-03-18,1850.0,1866.0,1850.0,1860.0
2025-03-19,1860.0,1875.0,1860.0,1875.0
2025-03-21,1874.0,1874.0,1862.0,1865.0
2025-03-24,1863.0,1870.0,1855.0,1856.0
2025-03-25,1875.0,1879.0,1858.0,1874.0
2025-03-26,1879.0,1880.0,1860.0,1880.0
2025-03-27,1879.0,1895.0,1874.0,1895.0
2025-03-28,1877.0,1890.0,1867.0,1885.0
2025-03-31,1846.0,1846.0,1823.0,1835.0
2025-04-01,1860.0,1860.0,1810.0,1810.0
2025-04-02,1809.0,1809.0,1788.0,1801.0
2025-04-03,1739.0,1774.0,1739.0,1774.0
2025-04-04,1735.0,1752.0,1681.0,1700.0
2025-04-07,1595.0,1638.0,1575.0,1594.0
2025-04-08,1657.0,1700.0,1657.0,1687.0
2025-04-09,1660.0,1680.0,1630.0,1655.0
2025-04-10,1750.0,1751.0,1715.0,1717.0
2025-04-11,1681.0,1727.0,1673.0,1727.0
2025-04-14,1739.0,1741.0,1726.0,1734.0
2025-04-15,1749.0,1749.0,1727.0,1727.0
2025-04-16,1727.0,1732.0,1709.0,1713.0
2025-04-17,1713.0,1716.0,1706.0,1712.0
2025-04-18,1723.0,1749.0,1721.0,1749.0
2025-04-21,1749.0,1758.0,1739.0,1754.0
2025-04-22,1759.0,1772.0,1752.0,1761.0
2025-04-23,1785.0,1785.0,1765.0,1765.0
2025-04-24,1768.0,1773.0,1749.0,1749.0
2025-04-25,1763.0,1763.0,1750.0,1755.0
2025-04-28,1761.0,1761.0,1732.0,1733.0
2025-04-30,1737.0,1754.0,1726.0,1747.0
2025-05-01,1750.0,1772.0,1739.0,1747.0
2025-05-02,1758.0,1763.0,1747.0,1757.0
2025-05-07,1758.0,1799.0,1755.0,1788.0
2025-05-08,1782.0,1811.0,1781.0,1803.0
2025-05-09,1806.0,1815.0,1806.0,1811.0
2025-05-12,1820.0,1828.0,1809.0,1826.0
2025-05-13,1829.0,1829.0,1814.0,1814.0
2025-05-14,1809.0,1832.0,1789.0,1815.0
2025-05-15,1791.0,1860.0,1791.0,1848.0
2025-05-16,1854.0,1862.0,1824.0,1830.0
2025-05-19,1830.0,1842.0,1822.0,1830.0
2025-05-20,1830.0,1830.0,1807.0,1822.0
2025-05-21,1816.0,1826.0,1816.0,1822.0
2025-05-22,1819.0,1838.0,1800.0,1805.0
2025-05-23,1805.0,1815.0,1801.0,1815.0
2025-05-26,1822.0,1833.0,1812.0,1830.0
2025-05-27,1837.0,1845.0,1830.0,1837.0
2025-05-28,1852.0,1854.0,1835.0,1837.0
2025-05-29,1856.0,1894.0,1851.0,1887.0
2025-05-30,1884.0,1909.0,1877.0,1908.0
2025-06-02,1877.0,1893.0,1862.0,1885.0
2025-06-03,1885.0,1891.0,1866.0,1871.0
2025-06-04,1879.0,1890.0,1871.0,1882.0
2025-06-05,1879.0,1888.0,1868.0,1868.0
2025-06-06,1868.0,1880.0,1863.0,1866.0
2025-06-09,1879.0,1879.0,1850.0,1850.0
2025-06-10,1855.0,1859.0,1837.0,1841.0
2025-06-11,1848.0,1854.0,1838.0,1845.0
2025-06-12,1845.0,1851.0,1842.0,1845.0
2025-06-13,1856.0,1860.0,1840.0,1840.0
2025-06-16,1849.0,1852.0,1833.0,1844.0
2025-06-17,1855.0,1856.0,1842.0,1846.0
2025-06-18,1846.0,1863.0,1846.0,1858.0
2025-06-19,1858.0,1858.0,1847.0,1854.0
2025-06-20,1848.0,1858.0,1847.0,1852.0
2025-06-23,1857.0,1858.0,1845.0,1845.0
2025-06-24,1857.0,1857.0,1845.0,1852.0
2025-06-25,1856.0,1858.0,1848.0,1853.0
2025-06-26,1863.0,1869.0,1851.0,1869.0
2025-06-27,1857.0,1857.0,1818.0,1824.0
2025-06-30,1831.0,1841.0,1826.0,1826.0
2025-07-01,1825.0,1825.0,1785.0,1790.0
2025-07-02,1785.0,1812.0,1784.0,1794.0
2025-07-03,1786.0,1797.0,1776.0,1783.0
2025-07-04,1794.0,1807.0,1789.0,1798.0
2025-07-07,1783.0,1792.0,1779.0,1779.0
2025-07-08,1779.0,1781.0,1757.0,1778.0
2025-07-09,1787.0,1803.0,1783.0,1797.0
2025-07-10,1797.0,1798.0,1778.0,1785.0
2025-07-11,1786.0,1814.0,1786.0,1800.0
2025-07-14,1807.0,1814.0,1800.0,1803.0
2025-07-15,1806.0,1820.0,1806.0,1813.0
2025-07-16,1813.0,1816.0,1801.0,1806.0
2025-07-17,1806.0,1813.0,1803.0,1809.0
2025-07-18,1809.0,1818.0,1803.0,1805.0
2025-07-22,1809.0,1814.0,1803.0,1810.0
2025-07-23,1810.0,1833.0,1810.0,1832.0
2025-07-24,1835.0,1849.0,1834.0,1846.0
2025-07-25,1842.0,1843.0,1829.0,1835.0
2025-07-28,1900.0,1959.0,1889.0,1950.0
2025-07-29,1934.0,1973.0,1930.0,1960.0
2025-07-30,1959.0,1986.0,1950.0,1957.0
2025-07-31,1959.0,1983.0,1938.0,1979.0
2025-08-01,1981.0,2005.0,1981.0,1998.0
2025-08-04,1979.0,1998.0,1961.0,1998.0
2025-08-05,2000.0,2012.0,1995.0,1997.0
2025-08-06,1992.0,2028.0,1992.0,2028.0
2025-08-07,2029.0,2038.0,2018.0,2034.0
2025-08-08,2055.0,2070.0,2041.0,2060.0
2025-08-12,2109.0,2187.0,2100.0,2173.0
2025-08-13,2187.0,2207.0,2164.0,2182.0
2025-08-14,2183.0,2195.0,2171.0,2177.0
2025-08-15,2181.0,2226.0,2160.0,2226.0
2025-08-18,2250.0,2266.0,2223.0,2234.0
2025-08-19,2222.0,2223.0,2194.0,2194.0
2025-08-20,2184.0,2192.0,2178.0,2180.0
2025-08-21,2163.0,2185.0,2150.0,2169.0
2025-08-22,2159.0,2159.0,2145.0,2146.0
2025-08-25,2160.0,2199.0,2151.0,2192.0
2025-08-26,2198.0,2198.0,2163.0,2163.0
2025-08-27,2165.0,2183.0,2157.0,2169.0
2025-08-28,2183.0,2199.0,2175.0,2199.0
2025-08-29,2198.0,2198.0,2166.0,2166.0
2025-09-01,2155.0,2186.0,2153.0,2163.0
2025-09-02,2180.0,2233.0,2180.0,2233.0
2025-09-03,2238.0,2293.0,2206.0,2260.0
2025-09-04,2310.0,2326.0,2267.0,2315.0
2025-09-05,2339.0,2349.0,2288.0,2292.0
2025-09-08,2318.0,2318.0,2264.0,2279.0
2025-09-09,2286.0,2290.0,2230.0,2245.0
2025-09-10,2247.0,2247.0,2216.0,2222.0
2025-09-11,2212.0,2222.0,2200.0,2204.0
2025-09-12,2210.0,2219.0,2200.0,2219.0
2025-09-16,2223.0,2241.0,2214.0,2232.0
2025-09-17,2224.0,2224.0,2174.0,2187.0
2025-09-18,2207.0,2207.0,2186.0,2192.0
2025-09-19,2208.0,2219.0,2185.0,2196.0
2025-09-22,2200.0,2216.0,2186.0,2205.0
2025-09-24,2197.0,2200.0,2187.0,2190.0
2025-09-25,2203.0,2203.0,2183.0,2195.0
2025-09-26,2202.0,2223.0,2195.0,2222.0
2025-09-29,2187.0,2205.0,2161.0,2196.0
2025-09-30,2196.0,2196.0,2163.0,2164.0
2025-10-01,2160.0,2160.0,2112.0,2122.0
2025-10-02,2111.0,2120.0,2080.0,2097.0
2025-10-03,2082.0,2108.0,2082.0,2091.0
2025-10-06,2119.0,2127.0,2102.0,2103.0
2025-10-07,2102.0,2102.0,2075.0,2094.0
2025-10-08,2105.0,2118.0,2085.0,2085.0
2025-10-09,2094.0,2099.0,2075.0,2088.0
2025-10-10,2072.0,2075.0,2053.0,2058.0
2025-10-14,2022.0,2052.0,2002.0,2038.0
2025-10-15,2054.0,2068.0,2048.0,2063.0
2025-10-16,2066.0,2084.0,2066.0,2077.0
2025-10-17,2071.0,2077.0,2064.0,2071.0
2025-10-20,2098.0,2098.0,2079.0,2091.0
2025-10-21,2091.0,2092.0,2075.0,2075.0
2025-10-22,2076.0,2108.0,2056.0,2105.0
2025-10-23,2110.0,2160.0,2099.0,2134.0
2025-10-24,2134.0,2143.0,2118.0,2123.0
2025-10-27,2143.0,2155.0,2137.0,2147.0
2025-10-28,2145.0,2158.0,2113.0,2115.0
2025-10-29,2109.0,2110.0,2066.0,2066.0
2025-10-30,2082.0,2087.0,2055.0,2087.0
2025-10-31,2089.0,2089.0,2065.0,2086.0
2025-11-04,2064.0,2091.0,2057.0,2063.0
2025-11-05,2061.0,2071.0,2025.0,2045.0
2025-11-06,2052.0,2065.0,2041.0,2056.0
2025-11-07,2043.0,2075.0,2043.0,2075.0
2025-11-10,2087.0,2095.0,2080.0,2095.0
2025-11-11,2090.0,2095.0,2075.0,2095.0
2025-11-12,2093.0,2120.0,2090.0,2108.0
2025-11-13,2126.0,2127.0,2093.0,2093.0
2025-11-14,2087.0,2126.0,2080.0,2106.0
2025-11-17,2121.0,2125.0,2103.0,2118.0
2025-11-18,2113.0,2113.0,2095.0,2095.0
2025-11-19,2099.0,2110.0,2076.0,2083.0
2025-11-20,2094.0,2100.0,2080.0,2090.0
2025-11-21,2080.0,2132.0,2077.0,2132.0
2025-11-25,2148.0,2148.0,2104.0,2115.0
2025-11-26,2129.0,2142.0,2120.0,2134.0
2025-11-27,2140.0,2154.0,2132.0,2149.0
2025-11-28,2149.0,2177.0,2149.0,2171.0
2025-12-01,2177.0,2183.0,2140.0,2141.0
2025-12-02,2142.0,2150.0,2129.0,2132.0
2025-12-03,2126.0,2131.0,2087.0,2087.0
2025-12-04,2092.0,2106.0,2083.0,2097.0
2025-12-05,2106.0,2109.0,2082.0,2082.0
2025-12-08,2086.0,2104.0,2086.0,2104.0
2025-12-09,2112.0,2118.0,2094.0,2096.0
2025-12-10,2112.0,2115.0,2102.0,2105.0
2025-12-11,2114.0,2117.0,2078.0,2078.0
2025-12-12,2097.0,2103.0,2094.0,2100.0
2025-12-15,2103.0,2133.0,2102.0,2133.0
2025-12-16,2137.0,2145.0,2110.0,2110.0
2025-12-17,2149.0,2163.0,2115.0,2155.0
2025-12-18,2137.0,2146.0,2085.0,2117.0
2025-12-19,2119.0,2144.0,2100.0,2110.0
2025-12-22,2140.0,2152.0,2090.0,2113.0
2025-12-23,2120.0,2146.0,2117.0,2146.0
2025-12-24,2278.0,2280.0,2181.0,2192.0
2025-12-25,2200.0,2213.0,2195.0,2213.0
2025-12-26,2218.0,2270.0,2218.0,2270.0
2025-12-29,2232.0,2262.0,2230.0,2249.0
2025-12-30,2212.0,2237.0,2192.0,2200.0
2026-01-05,2195.0,2238.0,2195.0,2226.0
2026-01-06,2230.0,2289.0,2230.0,2271.0
2026-01-07,2268.0,2312.0,2267.0,2298.0
2026-01-08,2298.0,2300.0,2279.0,2279.0
2026-01-09,2281.0,2307.0,2281.0,2303.0
2026-01-13,2350.0,2387.0,2340.0,2340.0
2026-01-14,2354.0,2427.0,2350.0,2404.0
2026-01-15,2388.0,2440.0,2388.0,2440.0
2026-01-16,2470.0,2547.0,2465.0,2485.0
2026-01-19,2500.0,2512.0,2438.0,2457.0
2026-01-20,2456.0,2457.0,2424.0,2434.0
2026-01-21,2399.0,2414.0,2375.0,2400.0
2026-01-22,2400.0,2416.0,2399.0,2401.0
2026-01-23,2430.0,2430.0,2396.0,2400.0
2026-01-26,2390.0,2391.0,2324.0,2330.0
2026-01-27,2325.0,2346.0,2315.0,2332.0
2026-01-28,2314.0,2327.0,2283.0,2285.0
2026-01-29,2311.0,2312.0,2270.0,2310.0
2026-01-30,2310.0,2310.0,2273.0,2303.0
2026-02-02,2290.0,2343.0,2290.0,2320.0
2026-02-03,2348.0,2365.0,2325.0,2358.0
2026-02-04,2358.0,2400.0,2348.0,2395.0
2026-02-05,2400.0,2431.0,2393.0,2415.0
2026-02-06,2380.0,2398.0,2360.0,2375.0
2026-02-09,2335.0,2393.0,2333.0,2333.0
2026-02-10,2312.0,2349.0,2301.0,2326.0
2026-02-12,2325.0,2371.0,2323.0,2358.0
2026-02-13,2326.0,2344.0,2260.0,2280.0
2026-02-16,2281.0,2289.0,2243.0,2277.0
2026-02-17,2283.0,2289.0,2250.0,2251.0
2026-02-18,2252.0,2305.0,2252.0,2303.0
2026-02-19,2297.0,2343.0,2297.0,2324.0
2026-02-20,2325.0,2339.0,2303.0,2320.0
2026-02-24,2322.0,2403.0,2322.0,2385.0
2026-02-25,2400.0,2417.0,2381.0,2409.0
2026-02-26,2408.0,2410.0,2396.0,2400.0
2026-02-27,2395.0,2451.0,2394.0,2443.0
2026-03-02,2403.0,2448.0,2403.0,2430.0
2026-03-03,2421.0,2430.0,2356.0,2356.0
2026-03-04,2310.0,2331.0,2231.0,2262.0
2026-03-05,2350.0,2400.0,2332.0,2345.0
2026-03-06,2313.0,2349.0,2297.0,2336.0
2026-03-09,2241.0,2268.0,2200.0,2246.0
2026-03-10,2251.0,2315.0,2251.0,2283.0
2026-03-11,2284.0,2366.0,2280.0,2323.0
2026-03-12,2281.0,2299.0,2267.0,2271.0
2026-03-13,2244.0,2271.0,2244.0,2246.0
2026-03-16,2239.0,2251.0,2229.0,2249.0
2026-03-17,2253.0,2275.0,2244.0,2254.0
2026-03-18,2258.0,2300.0,2258.0,2300.0
2026-03-19,2270.0,2270.0,2232.0,2232.0
2026-03-23,2222.0,2222.0,2151.0,2163.0
2026-03-24,2180.0,2220.0,2180.0,2215.0
2026-03-25,2228.0,2258.0,2228.0,2243.0
2026-03-26,2243.0,2253.0,2207.0,2217.0
2026-03-27,2200.0,2255.0,2198.0,2255.0
2026-03-30,2151.0,2153.0,2125.0,2149.0
2026-03-31,2136.0,2152.0,2111.0,2121.0
2026-04-01,2165.0,2182.0,2158.0,2182.0
2026-04-02,2182.0,2239.0,2175.0,2175.0
2026-04-03,2175.0,2194.0,2165.0,2182.0
2026-04-06,2190.0,2206.0,2182.0,2197.0
2026-04-07,2183.0,2205.0,2177.0,2203.0
2026-04-08,2226.0,2253.0,2217.0,2253.0
2026-04-09,2255.0,2264.0,2230.0,2235.0
2026-04-10,2249.0,2270.0,2233.0,2234.0
2026-04-13,2215.0,2220.0,2146.0,2149.0
2026-04-14,2149.0,2168.0,2114.0,2115.0
2026-04-15,2135.0,2163.0,2103.0,2117.0
2026-04-16,2120.0,2145.0,2114.0,2118.0
2026-04-17,2111.0,2116.0,2102.0,2102.0
2026-04-20,2123.0,2123.0,2089.0,2089.0
2026-04-21,2089.0,2105.0,2089.0,2094.0
2026-04-22,2090.0,2095.0,2042.0,2055.0
2026-04-23,2052.0,2061.0,2017.0,2036.0
2026-04-24,2036.0,2063.0,2016.0,2026.0
2026-04-27,2029.0,2029.0,2003.0,2003.0
2026-04-28,2005.0,2048.0,1998.0,2048.0
2026-04-30,2020.0,2020.0,1955.0,1960.0
2026-05-01,1960.0,1980.0,1960.0,1972.0
2026-05-07,1961.0,1961.0,1886.0,1912.0
2026-05-08,1903.0,1916.0,1879.0,1880.0
2026-05-11,1851.0,1888.0,1851.0,1869.0
2026-05-12,1870.0,1909.0,1870.0,1875.0
2026-05-13,1875.0,1890.0,1860.0,1860.0
2026-05-14,1836.0,1860.0,1798.0,1815.0
2026-05-15,1815.0,1839.0,1815.0,1832.0
2026-05-18,1820.0,1830.0,1753.0,1760.0
2026-05-19,1762.0,1790.0,1762.0,1779.0
2026-05-20,1767.0,1779.0,1737.0,1760.0
2026-05-21,1755.0,1799.0,1755.0,1784.0
2026-05-22,1784.0,1832.0,1783.0,1832.0
2026-05-25,1828.0,1834.0,1799.0,1806.0
2026-05-26,1796.0,1844.0,1796.0,1815.0
2026-05-27,1782.0,1951.0,1782.0,1926.0
