date,open,high,low,close
2021-08-03,244.8,244.8,240.0,241.0
2021-08-04,239.0,240.5,239.0,240.5
2021-08-05,242.5,242.5,238.3,242.0
2021-08-06,242.5,245.3,242.5,242.5
2021-08-10,247.3,250.5,243.3,243.3
2021-08-11,250.0,258.0,244.3,258.0
2021-08-12,258.0,290.3,258.0,282.5
2021-08-13,276.5,276.5,239.5,246.5
2021-08-16,244.8,244.8,230.0,233.8
2021-08-17,233.8,237.5,225.5,225.5
2021-08-18,221.8,228.5,218.0,218.8
2021-08-19,226.3,228.8,226.3,227.5
2021-08-20,227.5,227.5,221.0,221.0
2021-08-23,225.8,225.8,225.0,225.3
2021-08-24,221.0,225.0,221.0,225.0
2021-08-25,227.5,228.5,224.8,227.5
2021-08-26,227.5,227.5,227.5,227.5
2021-08-31,234.0,234.0,225.3,225.3
2021-09-01,222.8,226.5,222.8,226.5
2021-09-02,226.5,226.5,226.5,226.5
2021-09-03,222.8,229.3,222.8,229.3
2021-09-06,230.0,230.0,230.0,230.0
2021-09-07,230.0,231.5,230.0,231.5
2021-09-08,227.8,230.0,227.8,228.8
2021-09-09,231.0,231.0,227.0,227.0
2021-09-10,230.8,230.8,230.8,230.8
2021-09-13,227.0,230.5,226.5,226.8
2021-09-14,226.5,228.3,225.5,225.5
2021-09-15,225.5,225.5,225.0,225.0
2021-09-16,225.3,228.5,223.8,228.5
2021-09-17,228.3,228.5,225.0,225.0
2021-09-21,227.0,228.0,222.5,227.3
2021-09-22,225.8,229.0,225.3,226.3
2021-09-24,223.3,226.3,223.3,226.3
2021-09-27,230.0,230.5,228.5,230.5
2021-09-28,236.8,243.5,234.0,238.0
2021-09-29,238.0,238.0,230.3,235.0
2021-09-30,242.3,242.3,230.3,230.3
2021-10-01,231.3,231.3,230.3,230.3
2021-10-04,226.5,226.5,225.5,225.5
2021-10-05,225.3,231.8,225.3,231.8
2021-10-06,232.3,233.0,230.0,230.0
2021-10-07,226.8,227.3,226.8,226.8
2021-10-08,230.5,230.5,230.5,230.5
2021-10-11,228.8,230.8,227.3,230.5
2021-10-12,226.8,226.8,225.0,226.5
2021-10-13,223.8,226.8,223.8,226.8
2021-10-14,227.0,227.0,224.5,224.8
2021-10-15,224.3,225.0,224.3,225.0
2021-10-18,225.3,231.3,225.3,231.3
2021-10-19,228.8,229.3,228.8,229.3
2021-10-20,230.0,230.5,226.8,230.5
2021-10-21,229.3,229.3,225.3,225.3
2021-10-22,225.5,225.5,225.5,225.5
2021-10-25,229.3,230.0,225.5,230.0
2021-10-26,230.0,233.0,229.3,229.3
2021-10-27,232.5,232.5,228.8,231.3
2021-10-28,233.8,233.8,233.8,233.8
2021-10-29,233.8,233.8,229.8,231.5
2021-11-01,231.5,236.8,228.8,235.0
2021-11-02,232.0,234.5,232.0,234.0
2021-11-04,234.5,234.5,232.5,234.5
2021-11-05,236.0,236.8,236.0,236.8
2021-11-08,235.3,245.8,234.5,245.8
2021-11-09,249.5,249.5,239.5,243.3
2021-11-10,235.8,249.0,235.8,248.5
2021-11-11,248.3,248.3,241.3,247.0
2021-11-12,246.3,246.3,236.8,237.5
2021-11-15,245.0,245.0,237.0,241.3
2021-11-16,241.3,241.3,237.3,237.3
2021-11-17,233.5,233.5,219.3,232.8
2021-11-18,230.5,230.5,225.0,228.5
2021-11-19,228.8,229.5,225.0,229.5
2021-11-22,231.3,232.5,231.3,232.5
2021-11-24,232.3,232.3,226.3,226.3
2021-11-25,229.8,229.8,226.0,226.0
2021-11-26,224.8,224.8,220.3,222.3
2021-11-29,218.5,221.3,206.8,221.3
2021-11-30,217.5,227.3,217.5,225.5
2021-12-01,219.3,219.3,211.8,218.3
2021-12-02,214.5,214.5,212.5,214.5
2021-12-03,214.5,222.5,214.5,222.5
2021-12-06,218.8,227.8,212.5,225.0
2021-12-07,221.3,232.0,221.3,232.0
2021-12-08,229.8,229.8,226.3,228.0
2021-12-09,227.8,227.8,221.0,223.8
2021-12-10,231.0,231.0,225.8,228.0
2021-12-13,225.5,225.5,221.8,221.8
2021-12-14,215.3,216.3,210.8,216.3
2021-12-15,220.0,224.5,220.0,223.8
2021-12-16,218.8,220.5,216.8,216.8
2021-12-17,210.5,215.8,204.8,210.5
2021-12-20,205.3,205.3,196.8,203.0
2021-12-21,202.5,202.5,200.5,200.8
2021-12-22,193.3,198.0,187.5,198.0
2021-12-23,194.3,200.3,194.3,199.3
2021-12-24,195.5,197.8,193.5,197.5
2021-12-27,197.5,198.8,194.8,194.8
2021-12-28,202.3,202.3,193.0,193.0
2021-12-29,199.8,199.8,182.5,184.8
2021-12-30,184.8,188.8,184.3,188.3
2022-01-04,190.0,190.5,188.8,190.0
2022-01-05,193.3,195.8,192.0,195.8
2022-01-06,199.0,199.0,190.0,190.0
2022-01-07,188.3,193.8,188.3,190.0
2022-01-11,186.3,187.0,183.8,186.3
2022-01-12,185.8,185.8,185.8,185.8
2022-01-13,193.3,193.3,186.5,186.5
2022-01-14,190.3,190.3,182.8,190.3
2022-01-17,190.3,191.3,187.5,187.5
2022-01-18,188.3,188.3,185.8,185.8
2022-01-19,184.0,213.5,184.0,213.5
2022-01-20,215.3,215.3,201.0,207.3
2022-01-21,200.0,202.5,192.5,202.5
2022-01-24,203.8,207.5,203.8,207.5
2022-01-25,196.3,204.0,192.5,204.0
2022-01-26,196.5,196.5,196.5,196.5
2022-01-27,187.8,190.0,187.8,190.0
2022-01-28,184.0,202.5,183.8,187.5
2022-02-02,186.5,194.3,186.5,194.3
2022-02-03,193.0,193.0,189.3,189.3
2022-02-08,179.3,179.3,173.5,173.5
2022-02-09,172.3,176.0,171.5,172.0
2022-02-10,180.8,180.8,175.5,175.5
2022-02-14,177.5,181.0,177.5,181.0
2022-02-15,175.0,175.0,152.5,158.5
2022-02-16,163.5,163.5,150.5,155.8
2022-02-17,154.0,154.0,140.5,146.3
2022-02-18,141.3,154.8,134.3,154.8
2022-02-21,154.5,154.5,148.3,150.0
2022-02-22,148.8,156.0,147.8,156.0
2022-02-24,153.5,153.5,147.5,147.5
2022-02-25,149.0,151.5,142.0,144.5
2022-02-28,144.0,152.0,144.0,152.0
2022-03-01,152.0,156.0,150.3,156.0
2022-03-02,155.3,157.5,155.0,157.5
2022-03-03,161.0,172.5,158.3,172.3
2022-03-04,172.3,178.3,172.3,178.3
2022-03-07,178.8,195.0,178.8,185.5
2022-03-08,185.5,185.8,175.0,175.0
2022-03-11,160.5,162.8,160.5,162.8
2022-03-14,156.0,156.0,153.5,153.5
2022-03-15,163.5,166.3,161.3,161.3
2022-03-16,161.3,163.8,161.3,163.8
2022-03-22,171.3,171.3,161.3,162.5
2022-03-23,162.5,165.3,162.5,165.3
2022-03-24,165.8,165.8,163.3,163.3
2022-03-25,163.3,163.3,160.8,160.8
2022-03-28,158.3,162.0,158.3,162.0
2022-03-29,162.0,162.5,162.0,162.5
2022-03-30,158.0,158.0,158.0,158.0
2022-03-31,157.8,158.3,157.8,157.8
2022-04-01,157.8,158.8,157.8,158.8
2022-04-04,162.5,162.8,162.5,162.8
2022-04-05,172.8,177.5,169.8,175.0
2022-04-06,178.8,178.8,166.5,168.5
2022-04-07,163.5,175.0,163.3,175.0
2022-04-13,177.3,177.8,169.0,169.0
2022-04-18,172.5,187.5,172.5,187.5
2022-04-19,225.0,225.0,221.3,225.0
2022-04-20,228.8,233.5,206.0,212.5
2022-04-21,205.0,208.8,194.0,195.5
2022-04-22,184.3,190.5,184.3,188.3
2022-04-25,192.0,192.0,168.5,168.5
2022-04-26,166.5,181.3,166.5,181.3
2022-04-27,181.3,184.5,172.3,177.3
2022-04-28,173.5,173.5,171.0,171.0
2022-05-02,168.5,171.0,168.5,171.0
2022-05-06,173.5,178.0,171.0,171.0
2022-05-09,171.0,179.0,170.5,171.0
2022-05-10,171.0,171.0,166.0,167.8
2022-05-11,165.3,167.8,165.3,166.5
2022-05-12,164.0,167.3,163.0,164.8
2022-05-13,163.0,168.8,163.0,168.5
2022-05-16,163.8,184.3,163.8,175.0
2022-05-17,175.0,176.0,174.8,174.8
2022-05-18,169.8,169.8,168.0,168.0
2022-05-19,168.0,168.0,168.0,168.0
2022-05-20,173.0,173.0,173.0,173.0
2022-05-27,163.8,164.5,163.8,164.5
2022-05-30,163.3,164.5,163.0,163.0
2022-05-31,164.3,164.3,160.0,160.0
2022-06-01,167.5,167.5,163.8,166.3
2022-06-02,161.3,167.0,161.3,167.0
2022-06-03,169.0,169.0,169.0,169.0
2022-06-06,172.5,178.8,167.5,167.8
2022-06-07,166.3,166.3,162.5,164.3
2022-06-08,164.5,171.0,164.5,165.3
2022-06-09,165.3,167.5,163.8,163.8
2022-06-10,171.3,172.5,164.8,165.0
2022-06-13,165.0,165.3,164.3,164.3
2022-06-14,166.8,166.8,155.5,157.8
2022-06-15,155.0,156.8,152.8,152.8
2022-06-16,152.8,154.3,147.5,152.3
2022-06-17,154.8,154.8,151.3,151.3
2022-06-20,161.0,161.0,151.5,152.0
2022-06-21,151.8,154.0,151.0,152.3
2022-06-28,155.0,155.0,152.5,152.5
2022-06-29,152.5,164.8,152.5,164.8
2022-06-30,169.8,169.8,156.0,156.0
2022-07-01,155.8,155.8,151.0,151.0
2022-07-04,151.0,152.5,151.0,152.5
2022-07-05,155.0,155.3,154.8,155.3
2022-07-08,156.3,156.3,156.3,156.3
2022-07-14,154.3,156.3,153.8,153.8
2022-07-15,151.5,151.5,151.5,151.5
2022-07-19,154.0,154.0,154.0,154.0
2022-07-20,161.5,161.5,156.8,157.8
2022-07-21,155.0,155.3,152.5,152.5
2022-07-22,152.5,157.5,152.5,157.5
2022-07-25,157.5,159.5,155.0,159.5
2022-07-26,157.5,157.5,155.8,155.8
2022-07-27,153.8,155.3,153.8,155.3
2022-07-28,157.3,157.3,157.3,157.3
2022-07-29,154.0,155.5,154.0,155.0
2022-08-01,152.5,152.5,152.5,152.5
2022-08-02,153.0,153.0,152.0,152.0
2022-08-05,152.0,152.0,152.0,152.0
2022-08-08,152.0,152.0,152.0,152.0
2022-08-09,152.0,154.3,152.0,154.3
2022-08-10,152.0,152.0,152.0,152.0
2022-08-19,165.0,165.0,161.3,161.3
2022-08-22,161.3,163.8,158.8,162.8
2022-08-23,162.8,162.8,162.8,162.8
2022-08-26,175.0,179.8,169.5,171.3
2022-08-29,174.8,174.8,169.0,174.0
2022-08-30,174.3,174.3,174.0,174.0
2022-09-02,159.8,159.8,157.3,159.8
2022-09-05,162.0,162.0,162.0,162.0
2022-09-06,161.3,163.8,158.8,163.8
2022-09-09,162.3,164.3,161.8,161.8
2022-09-12,161.8,162.3,161.8,162.3
2022-09-13,162.5,162.5,162.5,162.5
2022-09-14,160.0,160.0,160.0,160.0
2022-09-20,172.3,172.3,171.3,171.3
2022-09-21,171.8,171.8,171.8,171.8
2022-09-29,160.0,160.0,160.0,160.0
2022-09-30,172.5,172.5,164.5,164.5
2022-10-03,162.0,170.8,160.8,167.3
2022-10-04,167.3,167.3,167.3,167.3
2022-10-14,161.5,161.5,160.0,160.0
2022-10-17,160.0,160.0,157.5,157.5
2022-10-18,161.0,161.0,161.0,161.0
2022-10-19,158.5,158.5,157.8,157.8
2022-10-20,162.8,162.8,162.8,162.8
2022-10-21,163.8,163.8,163.8,163.8
2022-10-24,158.8,159.8,157.3,159.8
2022-10-25,160.0,160.0,160.0,160.0
2022-11-01,153.8,156.0,153.8,155.0
2022-11-02,155.0,157.3,155.0,157.3
2022-11-08,153.0,153.0,153.0,153.0
2022-11-09,155.5,155.5,151.0,151.0
2022-11-14,153.8,157.5,152.3,155.3
2022-11-15,151.3,157.8,151.3,154.3
2022-11-16,154.0,154.3,152.5,152.5
2022-11-17,152.5,152.8,151.0,151.0
2022-11-18,152.8,153.3,152.8,153.3
2022-11-21,154.0,154.0,152.8,152.8
2022-11-22,153.5,153.5,151.5,151.5
2022-11-24,154.0,154.0,152.3,153.8
2022-11-25,152.0,153.5,152.0,153.5
2022-11-28,153.8,154.5,153.8,154.5
2022-11-29,152.8,152.8,152.8,152.8
2022-11-30,152.8,159.3,152.8,159.3
2022-12-01,158.8,158.8,156.0,156.0
2022-12-02,154.0,154.0,153.8,153.8
2022-12-05,152.3,153.0,152.3,153.0
2022-12-06,153.0,153.8,153.0,153.8
2022-12-07,151.5,160.8,151.5,160.0
2022-12-08,161.0,161.0,160.8,160.8
2022-12-09,161.3,165.0,161.3,165.0
2022-12-12,165.0,166.5,165.0,166.5
2022-12-13,161.5,164.0,161.5,164.0
2022-12-14,161.5,161.5,161.5,161.5
2022-12-15,164.8,165.0,160.8,160.8
2022-12-16,160.0,161.0,159.8,161.0
2022-12-19,163.5,171.3,159.5,163.8
2022-12-20,162.5,170.0,159.3,159.3
2022-12-21,159.3,162.3,159.3,162.3
2022-12-22,162.3,162.5,159.8,160.0
2022-12-23,159.5,159.5,159.0,159.0
2022-12-26,156.5,160.5,156.5,158.0
2022-12-27,158.0,158.0,155.5,155.8
2022-12-28,155.8,155.8,152.0,152.0
2022-12-29,159.5,159.5,159.5,159.5
2022-12-30,158.0,158.0,158.0,158.0
2023-01-06,160.0,162.8,160.0,162.8
2023-01-10,182.8,187.8,167.5,167.5
2023-01-11,165.0,166.3,160.0,161.3
2023-01-12,162.5,162.5,157.3,157.3
2023-01-13,158.8,158.8,154.3,154.8
2023-01-16,154.8,158.5,154.8,158.0
2023-01-17,158.3,158.3,157.8,157.8
2023-01-18,160.3,160.5,158.8,159.3
2023-01-19,159.0,159.0,159.0,159.0
2023-01-20,162.3,163.8,162.0,163.0
2023-01-23,164.5,164.5,164.5,164.5
2023-01-24,164.5,164.5,164.5,164.5
2023-01-25,164.5,165.0,164.5,164.5
2023-01-26,166.5,166.5,166.5,166.5
2023-01-27,168.8,168.8,163.5,167.0
2023-01-30,167.0,167.0,164.0,165.3
2023-01-31,162.5,164.5,162.5,162.5
2023-02-01,162.5,166.0,162.5,165.0
2023-02-02,163.0,165.3,162.8,165.3
2023-02-03,165.0,165.3,162.8,162.8
2023-02-06,165.3,168.8,162.8,162.8
2023-02-07,165.3,166.5,165.3,166.3
2023-02-08,174.8,175.0,170.3,170.5
2023-02-09,170.5,170.8,169.3,169.3
2023-02-10,170.0,170.0,170.0,170.0
2023-02-13,170.0,170.0,165.3,165.3
2023-02-14,170.3,174.0,167.5,174.0
2023-02-15,199.0,199.0,199.0,199.0
2023-02-16,236.5,236.5,236.5,236.5
2023-02-17,334.0,362.8,276.5,302.0
2023-02-20,279.5,284.5,253.8,270.5
2023-02-21,264.8,287.5,254.0,282.8
2023-02-22,290.3,299.8,268.8,281.5
2023-02-24,274.0,274.3,259.0,274.3
2023-02-27,270.8,325.0,261.5,316.3
2023-02-28,301.3,340.8,290.0,326.5
2023-03-01,311.8,334.5,301.5,333.8
2023-03-02,325.0,329.3,315.3,328.0
2023-03-03,335.5,335.5,322.8,326.3
2023-03-06,317.5,334.8,317.5,331.3
2023-03-07,331.8,332.5,323.5,324.3
2023-03-08,323.8,323.8,303.5,313.8
2023-03-09,313.8,313.8,291.5,293.0
2023-03-10,292.8,297.0,288.8,289.0
2023-03-13,287.0,296.3,276.8,280.8
2023-03-14,280.8,339.0,280.8,306.0
2023-03-15,313.5,316.0,291.8,306.3
2023-03-16,291.5,295.8,285.0,290.3
2023-03-17,312.8,312.8,294.8,306.0
2023-03-20,295.0,318.5,294.3,294.3
2023-03-22,334.8,340.0,317.5,340.0
2023-03-23,337.5,342.0,328.0,334.5
2023-03-24,339.3,407.5,337.5,382.5
2023-03-27,386.3,446.0,353.3,442.5
2023-03-28,447.5,457.5,412.5,448.8
2023-03-29,448.0,448.0,421.0,428.5
2023-03-30,418.5,445.0,397.5,403.3
2023-03-31,402.5,424.5,392.5,403.8
2023-04-03,413.3,471.0,413.3,449.0
2023-04-04,450.0,462.5,437.8,445.0
2023-04-05,445.0,459.8,438.0,444.8
2023-04-06,451.0,462.3,438.5,444.0
2023-04-07,445.3,446.3,400.8,405.0
2023-04-10,415.0,434.0,411.8,425.5
2023-04-11,415.5,440.0,415.0,415.0
2023-04-12,412.8,423.0,404.8,421.5
2023-04-13,411.5,427.3,407.8,409.5
2023-04-14,405.0,419.8,405.0,410.0
2023-04-17,405.8,423.5,405.8,423.5
2023-04-18,413.5,428.8,413.3,427.3
2023-04-19,434.5,460.0,433.3,443.8
2023-04-20,438.3,442.5,415.3,427.5
2023-04-21,425.0,425.0,408.3,423.3
2023-04-24,422.5,422.5,407.8,407.8
2023-04-25,407.8,411.8,381.3,384.3
2023-04-26,375.0,395.0,355.0,378.3
2023-04-27,381.3,393.8,366.3,393.8
2023-04-28,393.8,402.5,377.0,392.3
2023-05-01,393.8,393.8,373.5,384.8
2023-05-02,379.5,398.8,379.5,397.3
2023-05-08,397.3,414.3,392.5,408.8
2023-05-09,424.8,425.8,408.3,422.0
2023-05-10,421.8,422.0,409.3,409.5
2023-05-11,412.5,412.5,404.8,404.8
2023-05-12,403.3,415.5,370.3,388.3
2023-05-15,388.3,421.3,380.0,400.8
2023-05-16,363.3,408.3,363.3,373.8
2023-05-17,372.5,379.5,369.5,374.3
2023-05-18,375.0,375.0,361.5,363.0
2023-05-19,359.5,362.8,335.0,351.0
2023-05-22,358.5,358.5,336.8,338.3
2023-05-23,340.5,340.5,306.0,318.3
2023-05-24,319.8,363.8,319.8,335.3
2023-05-25,340.8,355.0,338.8,348.8
2023-05-26,355.8,355.8,332.8,350.5
2023-05-29,354.0,354.0,338.5,351.8
2023-05-30,354.0,366.8,351.8,355.5
2023-05-31,358.8,362.0,338.8,348.3
2023-06-01,348.3,349.5,341.3,341.3
2023-06-02,344.3,345.0,332.3,341.3
2023-06-05,348.8,364.8,344.0,355.0
2023-06-06,366.8,366.8,362.3,365.0
2023-06-07,365.0,365.8,353.5,361.3
2023-06-08,361.0,361.0,351.3,354.0
2023-06-09,357.8,365.0,357.0,362.8
2023-06-12,370.3,393.3,370.0,386.0
2023-06-13,399.8,436.8,398.0,435.5
2023-06-14,445.5,445.5,402.5,411.5
2023-06-15,424.8,424.8,405.8,414.8
2023-06-16,424.3,425.3,414.8,415.0
2023-06-19,425.0,454.0,407.5,444.8
2023-06-20,451.5,451.5,424.8,430.0
2023-06-21,439.3,439.3,425.0,427.5
2023-06-22,420.8,424.5,415.8,420.0
2023-06-23,415.8,415.8,380.0,405.5
2023-06-26,407.8,407.8,394.0,401.5
2023-06-27,396.0,399.5,391.3,399.5
2023-06-28,408.3,408.3,388.5,400.5
2023-06-29,404.8,404.8,383.0,396.8
2023-06-30,404.8,404.8,399.5,400.0
2023-07-03,401.3,448.5,401.3,447.3
2023-07-04,450.0,450.5,430.0,450.5
2023-07-05,458.8,487.3,452.5,476.0
2023-07-06,488.8,493.5,462.5,475.0
2023-07-07,455.0,472.0,451.3,456.8
2023-07-10,458.5,458.8,440.5,456.5
2023-07-11,456.5,475.5,456.5,457.8
2023-07-12,448.0,462.8,432.3,432.5
2023-07-13,430.8,435.3,405.0,431.5
2023-07-14,430.8,446.8,430.8,441.8
2023-07-18,450.0,487.5,450.0,470.8
2023-07-19,480.8,487.3,465.5,482.3
2023-07-20,483.8,521.3,477.5,496.3
2023-07-21,489.5,497.8,484.8,492.3
2023-07-24,485.3,496.5,454.5,460.0
2023-07-25,470.0,475.5,460.5,468.8
2023-07-26,458.8,468.8,455.5,468.8
2023-07-27,469.0,469.5,459.5,468.0
2023-07-28,468.0,468.0,453.0,461.8
2023-07-31,471.3,471.3,457.8,458.5
2023-08-01,445.3,457.8,444.3,446.8
2023-08-02,464.8,466.8,453.3,453.3
2023-08-03,450.0,450.0,431.3,442.5
2023-08-04,440.5,440.5,422.3,436.8
2023-08-07,425.0,435.3,421.0,434.3
2023-08-08,435.8,435.8,416.5,418.5
2023-08-09,408.5,418.5,408.5,410.0
2023-08-10,420.0,432.8,387.5,403.3
2023-08-14,399.3,402.8,375.0,386.3
2023-08-15,382.3,394.3,372.5,378.5
2023-08-16,374.5,374.5,361.8,365.5
2023-08-17,360.0,372.5,345.5,372.5
2023-08-18,372.0,412.5,372.0,401.3
2023-08-21,411.3,411.3,392.8,402.3
2023-08-22,403.3,403.3,393.8,402.5
2023-08-23,395.5,402.3,393.8,402.3
2023-08-24,402.3,402.3,373.8,389.3
2023-08-25,398.8,398.8,379.3,387.0
2023-08-28,380.3,387.3,380.3,387.3
2023-08-29,385.3,392.5,380.0,380.0
2023-08-30,380.8,383.0,380.0,383.0
2023-08-31,381.5,392.8,381.5,390.3
2023-09-01,392.5,417.5,392.5,417.5
2023-09-04,427.5,433.8,412.8,430.3
2023-09-05,444.3,445.0,437.8,441.5
2023-09-06,445.0,454.8,441.5,445.3
2023-09-07,445.5,453.3,437.3,448.5
2023-09-08,448.3,448.3,442.5,442.5
2023-09-11,439.5,447.3,425.3,425.3
2023-09-12,420.3,429.3,401.0,429.3
2023-09-13,437.0,469.5,437.0,450.0
2023-09-14,456.3,457.3,434.0,445.8
2023-09-15,445.0,455.3,445.0,455.3
2023-09-19,455.3,455.3,450.0,450.5
2023-09-20,450.8,455.0,437.5,437.5
2023-09-21,437.5,437.5,428.8,428.8
2023-09-22,427.5,428.5,421.3,425.3
2023-09-25,425.3,435.0,425.3,434.8
2023-09-26,433.5,433.5,430.8,432.8
2023-09-27,433.0,436.0,427.8,435.0
2023-09-28,425.0,435.0,425.0,428.0
2023-09-29,426.0,429.5,426.0,429.5
2023-10-02,430.3,430.3,412.8,422.3
2023-10-03,422.3,422.3,400.0,405.0
2023-10-04,397.5,399.8,380.5,387.0
2023-10-05,400.0,405.0,395.0,397.5
2023-10-06,393.3,395.0,388.0,388.5
2023-10-10,398.5,398.5,392.5,397.0
2023-10-11,408.0,408.0,399.5,399.5
2023-10-12,400.0,426.0,400.0,425.3
2023-10-13,415.3,419.8,407.8,408.3
2023-10-16,398.3,412.3,393.8,409.8
2023-10-17,417.5,423.3,408.5,413.8
2023-10-18,413.8,413.8,406.3,409.5
2023-10-19,399.5,407.0,399.3,407.0
2023-10-20,397.0,408.3,396.3,396.3
2023-10-23,403.3,403.3,395.3,397.8
2023-10-24,398.0,399.5,375.3,396.0
2023-10-25,396.0,404.8,396.0,396.3
2023-10-26,400.0,400.0,386.3,397.5
2023-10-27,407.0,407.0,397.5,405.3
2023-10-30,403.5,405.5,396.3,397.8
2023-10-31,387.8,399.8,387.8,399.8
2023-11-01,399.8,399.8,391.5,397.5
2023-11-02,398.5,398.5,389.0,392.5
2023-11-06,392.5,392.5,387.5,392.5
2023-11-07,390.8,390.8,385.3,387.0
2023-11-08,387.0,394.0,386.3,386.3
2023-11-09,386.3,386.3,378.0,384.8
2023-11-10,384.3,384.3,377.5,383.8
2023-11-13,388.3,388.3,355.8,367.5
2023-11-14,352.5,357.5,326.3,335.8
2023-11-15,410.0,410.0,364.0,376.5
2023-11-16,369.3,379.5,369.0,370.0
2023-11-17,365.0,410.5,362.3,394.0
2023-11-20,394.0,410.0,388.5,402.3
2023-11-21,392.8,406.3,392.8,401.3
2023-11-22,406.3,421.3,406.3,420.5
2023-11-24,427.3,438.3,426.3,436.3
2023-11-27,444.3,445.0,427.5,436.3
2023-11-28,433.8,433.8,417.0,418.3
2023-11-29,416.5,421.0,397.0,403.3
2023-11-30,401.3,401.3,398.8,400.8
2023-12-01,395.3,401.3,385.0,387.8
2023-12-04,387.8,417.5,387.8,413.8
2023-12-05,403.8,411.0,400.0,408.5
2023-12-06,408.0,409.5,402.8,409.5
2023-12-07,410.3,410.3,400.3,400.3
2023-12-08,408.5,408.5,400.0,402.8
2023-12-11,410.5,410.5,388.8,392.3
2023-12-12,392.3,392.5,390.0,390.0
2023-12-13,398.8,398.8,391.5,392.3
2023-12-14,398.5,398.5,390.0,397.8
2023-12-15,392.5,400.0,392.5,397.8
2023-12-18,402.5,402.5,395.0,395.0
2023-12-19,400.0,406.3,395.3,406.0
2023-12-20,411.3,412.3,395.8,408.0
2023-12-21,406.3,406.3,400.0,400.0
2023-12-22,406.3,406.3,398.3,398.8
2023-12-25,405.8,405.8,392.5,397.5
2023-12-26,397.5,400.0,395.3,400.0
2023-12-27,400.0,405.0,397.8,399.0
2023-12-28,397.5,397.5,366.8,385.8
2023-12-29,380.3,392.8,378.0,385.3
2024-01-04,385.8,390.0,379.5,387.5
2024-01-05,379.3,387.5,379.3,382.5
2024-01-09,382.8,396.8,382.5,395.0
2024-01-10,394.8,399.5,393.5,395.0
2024-01-11,400.0,413.5,400.0,410.0
2024-01-12,410.0,412.5,403.0,412.5
2024-01-15,407.0,411.0,406.3,411.0
2024-01-16,411.0,411.3,407.0,407.0
2024-01-17,407.0,407.0,400.3,400.5
2024-01-18,400.8,401.5,400.8,401.3
2024-01-19,401.5,402.0,392.8,400.3
2024-01-22,408.8,416.0,408.8,415.8
2024-01-23,416.0,420.3,411.5,412.3
2024-01-24,420.3,420.5,412.5,420.5
2024-01-25,424.3,440.0,424.3,440.0
2024-01-26,440.0,440.0,425.0,430.3
2024-01-29,442.3,475.5,435.3,471.0
2024-01-30,487.0,487.5,454.8,471.3
2024-01-31,469.5,475.0,468.3,468.3
2024-02-01,493.8,562.5,493.8,552.0
2024-02-02,563.5,570.0,525.0,554.8
2024-02-05,566.0,566.0,542.0,545.0
2024-02-06,542.5,548.8,528.8,546.0
2024-02-07,566.0,614.5,559.5,568.0
2024-02-08,561.0,574.8,545.3,565.5
2024-02-09,563.0,597.5,563.0,575.3
2024-02-13,585.8,622.8,585.8,613.5
2024-02-14,613.5,675.0,613.5,659.8
2024-02-15,699.5,699.5,580.0,654.0
2024-02-16,646.0,646.0,605.0,609.8
2024-02-19,610.0,625.0,601.3,612.3
2024-02-20,610.0,674.5,610.0,674.5
2024-02-21,664.0,694.0,653.0,687.3
2024-02-22,688.0,745.0,688.0,725.0
2024-02-26,798.8,850.0,787.5,850.0
2024-02-27,933.8,935.0,802.5,882.5
2024-02-28,895.0,1057.5,886.3,1057.5
2024-02-29,1057.5,1125.0,963.8,998.8
2024-03-01,1008.8,1016.3,913.8,1006.3
2024-03-04,1006.3,1006.3,932.5,937.5
2024-03-05,892.5,975.0,877.5,925.0
2024-03-06,935.0,980.0,923.8,976.3
2024-03-07,978.8,1006.3,896.3,910.0
2024-03-08,892.5,931.3,857.5,866.3
2024-03-11,831.3,873.8,812.5,848.8
2024-03-12,816.3,913.8,815.0,908.8
2024-03-13,943.8,943.8,860.0,892.5
2024-03-14,875.0,883.8,850.0,876.3
2024-03-15,875.0,877.5,847.5,856.3
2024-03-18,882.5,933.8,866.3,933.8
2024-03-19,933.8,968.8,912.5,958.8
2024-03-21,1050.0,1050.0,968.8,992.5
2024-03-22,1007.5,1008.8,941.3,942.5
2024-03-25,950.0,1007.5,937.5,942.5
2024-03-26,942.5,1000.0,923.8,1000.0
2024-03-27,1005.0,1081.3,985.0,1076.3
2024-03-28,1087.5,1120.0,1031.3,1086.3
2024-03-29,1091.3,1202.5,1072.5,1173.8
2024-04-01,1237.5,1272.5,1102.5,1156.3
2024-04-02,1151.3,1200.0,1043.8,1051.3
2024-04-03,1002.5,1067.5,983.8,986.3
2024-04-04,1021.3,1061.3,1006.3,1033.8
2024-04-05,981.3,987.5,858.8,858.8
2024-04-08,858.8,895.0,788.8,885.0
2024-04-09,911.3,917.5,826.3,832.5
2024-04-10,826.3,856.3,813.8,821.3
2024-04-11,800.0,856.3,798.8,831.3
2024-04-12,847.5,847.5,795.0,825.0
2024-04-15,813.8,830.0,770.0,773.8
2024-04-16,751.3,777.5,750.0,767.5
2024-04-17,757.5,825.0,757.5,813.8
2024-04-18,825.0,883.8,803.8,873.8
2024-04-19,871.3,873.8,783.8,833.8
2024-04-22,801.3,832.5,787.5,806.3
2024-04-23,820.0,843.8,793.8,801.3
2024-04-24,803.8,817.5,793.8,813.8
2024-04-25,798.8,802.5,771.3,771.3
2024-04-26,768.8,800.0,762.5,800.0
2024-04-30,798.8,807.5,777.5,795.0
2024-05-01,786.3,818.8,770.0,802.5
2024-05-02,813.8,852.5,811.3,827.5
2024-05-07,862.5,862.5,833.8,856.3
2024-05-08,838.8,863.8,807.5,815.0
2024-05-09,830.0,840.0,812.5,822.5
2024-05-10,825.0,832.5,796.3,826.3
2024-05-13,826.3,836.3,797.5,835.0
2024-05-14,835.0,835.0,805.0,830.0
2024-05-15,837.5,837.5,790.0,795.0
2024-05-16,777.5,950.0,768.8,893.8
2024-05-17,881.3,982.5,875.0,976.3
2024-05-20,967.5,1000.0,950.0,1000.0
2024-05-21,1000.0,1031.3,985.0,1001.3
2024-05-22,997.5,1018.8,912.5,933.8
2024-05-23,927.5,953.8,901.3,906.3
2024-05-24,900.0,926.3,860.0,872.5
2024-05-27,876.3,901.3,871.3,892.5
2024-05-28,892.5,920.0,881.3,918.8
2024-05-29,920.0,923.8,802.5,830.0
2024-05-30,813.8,817.5,762.5,782.5
2024-05-31,782.5,792.5,756.3,790.0
2024-06-03,795.0,800.0,760.0,788.8
2024-06-04,788.8,801.3,778.8,795.0
2024-06-05,788.8,845.0,783.8,838.8
2024-06-06,838.8,838.8,796.3,800.0
2024-06-07,791.3,820.0,776.3,795.0
2024-06-10,790.0,825.0,790.0,803.8
2024-06-11,803.8,813.8,797.5,803.8
2024-06-12,807.5,807.5,770.0,773.8
2024-06-13,788.8,798.8,771.3,797.5
2024-06-14,780.0,816.3,778.8,778.8
2024-06-17,790.0,790.0,765.0,765.0
2024-06-18,766.3,772.5,715.5,751.3
2024-06-19,752.5,773.8,735.3,735.8
2024-06-20,729.8,737.3,705.0,732.0
2024-06-21,732.0,765.0,731.3,761.3
2024-06-24,766.3,771.3,743.8,743.8
2024-06-25,756.3,773.8,750.0,760.0
2024-06-26,772.5,780.0,760.0,768.8
2024-06-27,768.8,772.5,758.8,772.5
2024-06-28,775.0,775.0,755.0,755.0
2024-07-01,772.5,772.5,740.3,749.5
2024-07-02,762.5,785.0,757.5,765.0
2024-07-03,772.5,773.8,762.5,773.8
2024-07-04,780.0,793.8,762.5,772.5
2024-07-05,775.0,775.0,750.0,753.8
2024-07-08,750.0,757.5,742.8,742.8
2024-07-09,742.8,756.3,742.8,753.8
2024-07-10,753.8,753.8,741.3,745.3
2024-07-11,757.5,757.5,733.5,753.8
2024-07-12,751.3,767.5,731.3,749.5
2024-07-16,747.5,778.8,746.5,766.3
2024-07-17,772.5,780.0,758.8,778.8
2024-07-18,770.0,785.0,765.0,771.3
2024-07-19,770.0,772.5,741.3,758.8
2024-07-22,741.3,753.8,730.0,744.0
2024-07-23,752.5,755.0,745.8,745.8
2024-07-24,745.8,747.5,732.8,737.8
2024-07-25,737.5,737.5,701.8,706.5
2024-07-26,707.5,724.0,707.5,714.5
2024-07-29,714.5,741.5,708.8,741.3
2024-07-30,738.0,738.0,714.8,730.8
2024-07-31,734.8,734.8,720.3,721.3
2024-08-01,717.5,717.5,638.8,673.3
2024-08-02,623.3,639.3,595.5,596.3
2024-08-05,471.3,499.5,471.3,471.3
2024-08-06,526.3,533.8,489.0,522.8
2024-08-07,532.5,647.8,532.5,647.8
2024-08-08,597.8,632.5,597.5,630.0
2024-08-09,636.3,675.0,612.8,675.0
2024-08-13,637.5,661.5,613.3,641.3
2024-08-14,648.8,649.5,620.8,631.8
2024-08-15,639.5,656.3,635.0,649.3
2024-08-16,650.8,650.8,635.3,644.5
2024-08-19,638.0,638.0,615.0,637.5
2024-08-20,640.5,640.8,624.8,640.8
2024-08-21,628.3,637.3,625.0,637.3
2024-08-22,624.8,637.3,620.3,627.5
2024-08-23,627.0,627.0,588.0,600.3
2024-08-26,601.3,656.8,601.3,652.5
2024-08-27,660.0,669.5,647.8,659.8
2024-08-28,647.3,647.3,626.3,640.3
2024-08-29,627.8,640.3,620.8,640.3
2024-08-30,627.8,637.5,624.5,637.3
2024-09-02,637.3,637.3,602.5,612.5
2024-09-03,610.0,620.0,608.3,618.5
2024-09-04,592.8,628.5,592.8,600.0
2024-09-05,600.0,617.3,587.5,592.8
2024-09-06,612.5,612.5,580.8,606.8
2024-09-09,595.0,595.0,578.5,578.8
2024-09-10,582.5,582.5,582.5,582.5
2024-09-11,582.5,585.0,570.0,574.0
2024-09-12,574.0,602.3,567.5,577.0
2024-09-13,577.8,597.3,577.8,596.8
2024-09-17,609.3,624.0,603.0,605.0
2024-09-18,612.0,627.5,600.5,623.8
2024-09-19,617.5,623.5,603.8,621.3
2024-09-20,621.3,621.3,607.8,620.0
2024-09-24,623.5,623.5,604.3,604.3
2024-09-25,587.5,588.0,583.5,587.5
2024-09-26,587.5,597.0,559.5,560.3
2024-09-27,565.5,587.5,562.5,565.3
2024-09-30,555.3,567.5,554.5,560.0
2024-10-01,561.3,566.0,545.3,557.0
2024-10-02,544.5,553.8,538.3,544.5
2024-10-03,550.3,551.8,545.0,545.8
2024-10-04,550.0,562.5,545.8,553.0
2024-10-07,556.5,556.5,550.3,550.3
2024-10-08,537.8,538.8,537.5,537.5
2024-10-09,538.8,548.0,538.5,538.5
2024-10-10,543.5,543.5,515.3,515.3
2024-10-11,515.3,534.3,515.3,534.3
2024-10-15,521.8,534.5,521.5,523.0
2024-10-16,534.5,537.5,525.3,528.5
2024-10-17,531.8,539.8,529.0,531.8
2024-10-18,531.8,534.5,515.3,525.8
2024-10-21,523.8,523.8,509.3,509.3
2024-10-22,509.5,509.8,478.3,498.3
2024-10-23,494.8,494.8,477.5,483.8
2024-10-24,473.8,480.0,473.8,477.5
2024-10-25,472.3,475.0,472.3,475.0
2024-10-28,475.0,484.3,462.5,484.3
2024-10-29,484.3,485.0,480.3,485.0
2024-10-30,486.3,500.3,486.3,500.3
2024-10-31,500.0,503.8,488.8,503.8
2024-11-01,503.3,512.5,488.8,499.3
2024-11-05,499.3,500.0,493.8,493.8
2024-11-06,496.0,512.5,496.0,510.0
2024-11-07,510.0,525.0,510.0,524.8
2024-11-08,532.5,612.5,532.5,602.5
2024-11-11,601.3,727.3,601.3,693.8
2024-11-12,695.3,695.3,637.8,652.8
2024-11-13,671.5,714.8,668.8,706.3
2024-11-14,622.8,622.8,581.3,581.3
2024-11-15,525.0,533.0,506.5,521.0
2024-11-18,521.0,555.0,521.0,530.0
2024-11-19,537.8,545.0,530.0,532.5
2024-11-20,532.0,532.5,515.0,525.3
2024-11-21,519.5,525.0,514.3,519.5
2024-11-22,507.8,511.8,506.3,511.8
2024-11-25,512.5,522.3,505.3,522.3
2024-11-26,523.5,523.5,505.3,511.8
2024-11-27,511.0,514.5,506.0,509.0
2024-11-28,511.8,523.5,510.3,518.8
2024-11-29,506.3,514.5,500.5,514.5
2024-12-02,521.8,522.3,511.0,511.3
2024-12-03,512.0,521.3,512.0,518.8
2024-12-04,519.0,535.5,518.8,534.3
2024-12-05,534.3,581.5,534.3,563.3
2024-12-06,577.3,608.3,565.3,608.3
2024-12-09,628.3,628.3,557.5,577.5
2024-12-10,571.5,571.5,537.5,538.8
2024-12-11,542.0,550.3,542.0,549.0
2024-12-12,558.3,558.3,537.5,537.5
2024-12-13,531.0,550.0,531.0,550.0
2024-12-16,555.0,555.0,537.5,537.5
2024-12-17,532.0,552.5,532.0,537.8
2024-12-18,537.8,537.8,531.8,531.8
2024-12-19,529.8,530.3,520.0,520.0
2024-12-20,616.5,645.0,583.3,604.3
2024-12-23,585.5,594.8,576.0,580.5
2024-12-24,582.0,582.0,572.0,579.3
2024-12-25,581.3,581.3,566.5,568.5
2024-12-26,568.0,588.5,568.0,583.8
2024-12-27,585.5,605.0,585.5,595.3
2024-12-30,614.3,614.3,606.3,612.5
2025-01-06,612.8,624.8,612.8,624.8
2025-01-07,630.0,653.5,630.0,651.3
2025-01-08,655.0,727.8,655.0,703.0
2025-01-09,707.8,740.0,657.3,675.3
2025-01-10,666.8,699.5,641.5,689.0
2025-01-14,688.0,688.0,652.8,666.5
2025-01-15,666.5,704.0,666.5,693.3
2025-01-16,703.5,712.5,691.8,696.3
2025-01-17,696.3,696.3,683.5,695.3
2025-01-20,700.3,700.3,665.0,673.8
2025-01-21,661.3,681.3,657.5,665.8
2025-01-22,667.5,710.8,666.0,710.8
2025-01-23,703.3,712.8,695.5,704.0
2025-01-24,695.8,721.3,689.0,721.3
2025-01-27,724.5,724.5,700.3,700.3
2025-01-28,695.0,709.8,682.5,693.0
2025-01-29,705.5,705.5,690.0,693.3
2025-01-30,694.0,694.0,676.8,678.3
2025-01-31,665.8,687.8,665.8,677.8
2025-02-03,665.3,675.0,662.5,667.3
2025-02-04,654.8,678.3,645.0,658.0
2025-02-05,650.3,650.3,620.0,637.5
2025-02-06,647.5,660.0,635.0,647.8
2025-02-07,649.0,682.3,649.0,661.0
2025-02-10,656.0,680.0,651.3,678.3
2025-02-12,678.3,702.5,675.0,688.0
2025-02-13,700.0,702.5,674.0,674.0
2025-02-14,661.5,695.3,657.0,689.3
2025-02-17,787.5,815.0,741.5,815.0
2025-02-18,850.0,865.0,780.0,833.8
2025-02-19,831.3,847.5,787.5,801.3
2025-02-20,801.3,807.5,746.8,788.8
2025-02-21,777.5,798.8,756.3,788.8
2025-02-25,762.5,790.0,732.5,732.5
2025-02-26,727.8,727.8,701.3,714.0
2025-02-27,739.0,766.3,732.5,746.5
2025-02-28,738.3,740.3,732.5,732.8
2025-03-03,732.8,801.3,732.8,772.5
2025-03-04,763.8,765.0,743.0,765.0
2025-03-05,765.0,793.8,765.0,792.5
2025-03-06,785.0,787.5,760.0,782.5
2025-03-07,758.8,782.5,755.0,762.5
2025-03-10,780.0,785.0,742.5,762.5
2025-03-11,749.8,773.8,725.0,758.8
2025-03-12,747.8,780.0,747.8,757.5
2025-03-13,750.0,751.3,719.8,721.3
2025-03-14,733.8,733.8,716.3,721.5
2025-03-17,723.5,758.8,722.3,748.8
2025-03-18,749.8,757.5,733.5,733.8
2025-03-19,735.3,752.5,735.3,741.3
2025-03-21,750.0,750.0,743.0,743.0
2025-03-24,743.5,750.0,740.0,744.0
2025-03-25,748.8,750.0,742.5,742.5
2025-03-26,740.0,748.0,740.0,748.0
2025-03-27,737.5,747.3,735.5,747.3
2025-03-28,747.0,747.0,736.5,740.0
2025-03-31,727.5,730.0,712.5,714.5
2025-04-01,722.5,725.0,695.0,707.8
2025-04-02,700.3,700.3,663.3,679.5
2025-04-03,654.5,750.0,642.8,740.0
2025-04-04,715.0,736.0,663.3,693.8
2025-04-07,668.8,685.8,592.0,648.8
2025-04-08,686.3,712.3,677.8,712.3
2025-04-09,682.0,712.5,682.0,707.3
2025-04-10,737.3,737.5,678.8,705.0
2025-04-11,680.3,712.3,680.3,712.3
2025-04-14,712.3,712.3,689.5,703.5
2025-04-15,703.5,707.0,702.5,706.0
2025-04-16,712.3,712.3,701.3,701.3
2025-04-17,703.0,712.3,703.0,712.3
2025-04-18,712.0,718.0,710.5,710.5
2025-04-21,717.8,744.3,717.8,742.8
2025-04-22,742.8,771.3,742.5,755.0
2025-04-23,766.3,775.0,745.0,745.0
2025-04-24,745.0,786.3,745.0,786.3
2025-04-25,786.3,837.5,775.0,776.3
2025-04-28,793.8,816.3,757.5,773.8
2025-04-30,773.8,773.8,744.0,757.5
2025-05-01,755.0,757.5,744.3,757.5
2025-05-02,748.0,795.0,748.0,795.0
2025-05-07,792.5,817.5,775.0,817.5
2025-05-08,817.5,843.8,807.5,843.8
2025-05-09,831.3,842.5,817.5,840.0
2025-05-12,840.0,860.0,840.0,860.0
2025-05-13,862.5,867.5,848.8,867.5
2025-05-14,860.0,878.8,847.5,860.0
2025-05-15,842.5,867.5,750.0,805.0
2025-05-16,805.0,805.0,775.0,795.0
2025-05-19,795.0,795.0,777.5,787.5
2025-05-20,787.5,787.5,750.0,755.0
2025-05-21,741.0,753.8,736.3,746.0
2025-05-22,748.8,785.0,746.3,785.0
2025-05-23,791.3,792.5,775.0,788.8
2025-05-26,790.0,822.5,777.5,803.8
2025-05-27,805.0,820.0,803.8,820.0
2025-05-28,837.5,842.5,802.5,807.5
2025-05-29,812.5,812.5,793.8,800.0
2025-05-30,791.3,800.0,781.3,800.0
2025-06-02,800.0,802.5,767.5,790.0
2025-06-03,805.0,818.8,800.0,815.0
2025-06-04,815.0,823.8,802.5,807.5
2025-06-05,790.0,793.8,780.0,786.3
2025-06-06,781.3,797.5,781.3,797.5
2025-06-09,801.3,816.3,798.8,798.8
2025-06-10,800.0,800.0,785.0,798.8
2025-06-11,805.0,805.0,796.3,800.0
2025-06-12,802.5,816.3,802.5,816.3
2025-06-13,816.3,816.3,782.5,782.5
2025-06-16,786.3,811.3,786.3,802.5
2025-06-17,805.0,805.0,802.5,802.5
2025-06-18,802.5,817.5,797.5,806.3
2025-06-19,806.3,822.5,806.3,822.5
2025-06-20,828.8,837.5,793.8,802.5
2025-06-23,790.0,798.8,790.0,798.8
2025-06-24,816.3,816.3,793.8,797.5
2025-06-25,800.0,812.5,792.5,797.5
2025-06-26,797.5,810.0,792.5,810.0
2025-06-27,805.0,811.3,801.3,802.5
2025-06-30,803.8,825.0,787.5,790.0
2025-07-01,796.3,796.3,772.5,790.0
2025-07-02,780.0,780.0,775.0,775.0
2025-07-03,775.0,775.0,757.5,765.0
2025-07-04,755.0,767.5,752.5,760.0
2025-07-07,760.0,767.5,750.0,762.5
2025-07-08,757.5,780.0,757.5,780.0
2025-07-09,795.0,795.0,771.3,795.0
2025-07-10,795.0,797.5,781.3,797.5
2025-07-11,793.8,798.8,781.3,786.3
2025-07-14,781.3,790.0,780.0,780.0
2025-07-15,780.0,780.0,775.0,775.0
2025-07-16,775.0,775.0,763.8,763.8
2025-07-17,763.8,765.0,755.0,765.0
2025-07-18,763.8,772.5,757.5,772.5
2025-07-22,757.5,798.8,755.0,798.8
2025-07-23,798.8,805.0,787.5,805.0
2025-07-24,808.8,808.8,797.5,806.3
2025-07-25,806.3,806.3,795.0,795.0
2025-07-28,797.5,797.5,787.5,787.5
2025-07-29,788.8,796.3,787.5,795.0
2025-07-30,791.3,791.3,782.5,791.3
2025-07-31,800.0,800.0,795.0,797.5
2025-08-01,797.5,802.5,788.8,791.3
2025-08-04,787.5,800.0,787.5,800.0
2025-08-05,801.3,806.3,795.0,806.3
2025-08-06,806.3,807.5,802.5,807.5
2025-08-07,800.0,800.0,787.5,787.5
2025-08-08,787.5,811.3,787.5,800.0
2025-08-12,835.0,848.8,807.5,847.5
2025-08-13,850.0,850.0,823.8,823.8
2025-08-14,825.0,837.5,825.0,828.8
2025-08-15,828.8,846.3,828.8,845.0
2025-08-18,836.3,852.5,836.3,852.5
2025-08-19,860.0,860.0,847.5,850.0
2025-08-20,847.5,855.0,842.5,845.0
2025-08-21,845.0,845.0,832.5,840.0
2025-08-22,833.8,845.0,827.5,827.5
2025-08-25,837.5,856.3,837.5,843.8
2025-08-26,833.8,871.3,833.8,865.0
2025-08-27,870.0,992.5,870.0,960.0
2025-08-28,952.5,990.0,887.5,942.5
2025-08-29,925.0,952.5,911.3,916.3
2025-09-01,916.3,932.5,916.3,932.5
2025-09-02,942.5,960.0,940.0,956.3
2025-09-03,956.3,958.8,867.5,903.8
2025-09-04,902.5,907.5,887.5,887.5
2025-09-05,895.0,900.0,890.0,892.5
2025-09-08,882.5,900.0,878.8,898.8
2025-09-09,898.8,898.8,895.0,897.5
2025-09-10,898.8,900.0,893.8,898.8
2025-09-11,898.8,908.8,873.8,873.8
2025-09-12,961.3,965.0,937.5,960.0
2025-09-16,956.3,956.3,918.8,945.0
2025-09-17,948.8,948.8,913.8,941.3
2025-09-18,946.3,946.3,922.5,930.0
2025-09-19,932.5,940.0,923.8,935.0
2025-09-22,935.0,961.3,935.0,961.3
2025-09-24,961.3,1022.5,961.3,1022.5
2025-09-25,1037.5,1072.5,1037.5,1042.5
2025-09-26,1025.0,1053.8,993.8,1053.8
2025-09-29,1084.0,1084.0,1015.0,1042.0
2025-09-30,1069.0,1069.0,1010.0,1010.0
2025-10-01,1002.0,1002.0,901.0,935.0
2025-10-02,960.0,990.0,922.0,925.0
2025-10-03,921.0,1045.0,921.0,971.0
2025-10-06,1000.0,1014.0,982.0,997.0
2025-10-07,997.0,1030.0,994.0,1014.0
2025-10-08,1025.0,1029.0,1000.0,1008.0
2025-10-09,998.0,1020.0,998.0,1000.0
2025-10-10,1021.0,1025.0,1000.0,1003.0
2025-10-14,1001.0,1267.0,1001.0,1121.0
2025-10-15,1101.0,1185.0,1101.0,1185.0
2025-10-16,1215.0,1219.0,1138.0,1209.0
2025-10-17,1209.0,1210.0,1125.0,1159.0
2025-10-20,1158.0,1181.0,1100.0,1168.0
2025-10-21,1168.0,1168.0,1114.0,1123.0
2025-10-22,1117.0,1146.0,1116.0,1142.0
2025-10-23,1133.0,1133.0,1099.0,1125.0
2025-10-24,1126.0,1132.0,1100.0,1122.0
2025-10-27,1132.0,1147.0,1113.0,1120.0
2025-10-28,1122.0,1178.0,1122.0,1170.0
2025-10-29,1192.0,1195.0,1142.0,1160.0
2025-10-30,1186.0,1192.0,1163.0,1187.0
2025-10-31,1187.0,1187.0,1160.0,1173.0
2025-11-04,1189.0,1251.0,1165.0,1230.0
2025-11-05,1230.0,1230.0,1187.0,1208.0
2025-11-06,1205.0,1225.0,1189.0,1210.0
2025-11-07,1208.0,1208.0,1150.0,1169.0
2025-11-10,1180.0,1242.0,1180.0,1210.0
2025-11-11,1181.0,1190.0,1044.0,1104.0
2025-11-12,1074.0,1087.0,1002.0,1020.0
2025-11-13,1027.0,1048.0,1015.0,1032.0
2025-11-14,1030.0,1030.0,971.0,977.0
2025-11-17,986.0,986.0,912.0,936.0
2025-11-18,936.0,936.0,889.0,898.0
2025-11-19,894.0,934.0,893.0,932.0
2025-11-20,935.0,972.0,935.0,964.0
2025-11-21,934.0,960.0,926.0,929.0
2025-11-25,927.0,930.0,893.0,909.0
2025-11-26,909.0,914.0,899.0,899.0
2025-11-27,910.0,918.0,895.0,918.0
2025-11-28,920.0,920.0,898.0,904.0
2025-12-01,901.0,902.0,892.0,892.0
2025-12-02,900.0,915.0,889.0,907.0
2025-12-03,902.0,916.0,872.0,875.0
2025-12-04,870.0,872.0,850.0,862.0
2025-12-05,862.0,895.0,853.0,894.0
2025-12-08,879.0,895.0,879.0,888.0
2025-12-09,900.0,900.0,876.0,877.0
2025-12-10,877.0,888.0,865.0,866.0
2025-12-11,866.0,870.0,823.0,832.0
2025-12-12,841.0,850.0,820.0,838.0
2025-12-15,828.0,850.0,824.0,850.0
2025-12-16,851.0,851.0,825.0,832.0
2025-12-17,830.0,847.0,820.0,834.0
2025-12-18,843.0,979.0,843.0,894.0
2025-12-19,894.0,894.0,876.0,885.0
2025-12-22,899.0,899.0,858.0,861.0
2025-12-23,865.0,883.0,861.0,862.0
2025-12-24,870.0,870.0,862.0,863.0
2025-12-25,863.0,868.0,860.0,860.0
2025-12-26,860.0,866.0,857.0,857.0
2025-12-29,872.0,880.0,856.0,856.0
2025-12-30,856.0,856.0,833.0,837.0
2026-01-05,851.0,852.0,811.0,819.0
2026-01-06,804.0,847.0,804.0,837.0
2026-01-07,835.0,842.0,830.0,842.0
2026-01-08,839.0,839.0,836.0,836.0
2026-01-09,845.0,850.0,830.0,832.0
2026-01-13,842.0,846.0,830.0,831.0
2026-01-14,838.0,839.0,827.0,827.0
2026-01-15,825.0,834.0,825.0,834.0
2026-01-16,838.0,838.0,822.0,827.0
2026-01-19,826.0,832.0,822.0,832.0
2026-01-20,838.0,839.0,827.0,827.0
2026-01-21,828.0,828.0,818.0,828.0
2026-01-22,828.0,828.0,820.0,825.0
2026-01-23,825.0,837.0,820.0,822.0
2026-01-26,810.0,815.0,805.0,809.0
2026-01-27,808.0,814.0,795.0,807.0
2026-01-28,796.0,797.0,785.0,793.0
2026-01-29,803.0,820.0,803.0,808.0
2026-01-30,798.0,827.0,798.0,827.0
2026-02-02,842.0,842.0,805.0,806.0
2026-02-03,810.0,820.0,783.0,820.0
2026-02-04,821.0,821.0,793.0,795.0
2026-02-05,793.0,807.0,790.0,799.0
2026-02-06,800.0,803.0,792.0,802.0
2026-02-09,805.0,819.0,805.0,808.0
2026-02-10,805.0,850.0,805.0,832.0
2026-02-12,832.0,855.0,816.0,840.0
2026-02-13,855.0,905.0,854.0,869.0
2026-02-16,1019.0,1019.0,1019.0,1019.0
2026-02-17,1259.0,1274.0,1206.0,1249.0
2026-02-18,1250.0,1260.0,1226.0,1231.0
2026-02-19,1247.0,1247.0,1222.0,1226.0
2026-02-20,1231.0,1235.0,1220.0,1230.0
2026-02-24,1241.0,1241.0,1183.0,1201.0
2026-02-25,1212.0,1220.0,1206.0,1207.0
2026-02-26,1212.0,1233.0,1212.0,1229.0
2026-02-27,1222.0,1231.0,1217.0,1217.0
2026-03-02,1218.0,1218.0,1195.0,1206.0
2026-03-03,1206.0,1210.0,1131.0,1165.0
2026-03-04,1139.0,1166.0,1111.0,1133.0
2026-03-05,1140.0,1182.0,1140.0,1170.0
2026-03-06,1189.0,1190.0,1176.0,1189.0
2026-03-09,1170.0,1186.0,1150.0,1170.0
2026-03-10,1176.0,1183.0,1168.0,1180.0
2026-03-11,1175.0,1175.0,1092.0,1118.0
2026-03-12,1102.0,1110.0,1040.0,1065.0
2026-03-13,1060.0,1079.0,975.0,1032.0
2026-03-16,1062.0,1062.0,1000.0,1023.0
2026-03-17,1022.0,1030.0,998.0,1005.0
2026-03-18,1012.0,1068.0,1011.0,1059.0
2026-03-19,1036.0,1064.0,1035.0,1042.0
2026-03-23,1029.0,1029.0,998.0,1008.0
2026-03-24,1015.0,1043.0,1010.0,1020.0
2026-03-25,1027.0,1028.0,985.0,1000.0
2026-03-26,1010.0,1015.0,998.0,1001.0
2026-03-27,998.0,1016.0,998.0,1001.0
2026-03-30,994.0,1025.0,986.0,1018.0
2026-03-31,1018.0,1026.0,995.0,1006.0
2026-04-01,1021.0,1034.0,1000.0,1026.0
2026-04-02,1037.0,1086.0,1037.0,1086.0
2026-04-03,1091.0,1099.0,1074.0,1084.0
2026-04-06,1100.0,1143.0,1098.0,1133.0
2026-04-07,1138.0,1151.0,1124.0,1148.0
2026-04-08,1166.0,1178.0,1146.0,1177.0
2026-04-09,1180.0,1186.0,1160.0,1172.0
2026-04-10,1180.0,1180.0,1158.0,1176.0
2026-04-13,1175.0,1175.0,1150.0,1154.0
2026-04-14,1154.0,1169.0,1151.0,1166.0
2026-04-15,1166.0,1179.0,1157.0,1160.0
2026-04-16,1168.0,1197.0,1168.0,1194.0
2026-04-17,1194.0,1197.0,1180.0,1197.0
2026-04-20,1200.0,1200.0,1188.0,1199.0
2026-04-21,1199.0,1209.0,1187.0,1190.0
2026-04-22,1199.0,1199.0,1170.0,1185.0
2026-04-23,1172.0,1172.0,1129.0,1133.0
2026-04-24,1131.0,1137.0,1119.0,1119.0
2026-04-27,1118.0,1119.0,1070.0,1080.0
2026-04-28,1109.0,1109.0,1085.0,1093.0
2026-04-30,1099.0,1115.0,1096.0,1098.0
2026-05-01,1096.0,1105.0,1082.0,1097.0
2026-05-07,1110.0,1125.0,1110.0,1114.0
2026-05-08,1121.0,1121.0,1100.0,1110.0
2026-05-11,1114.0,1121.0,1109.0,1118.0
2026-05-12,1118.0,1122.0,1103.0,1103.0
2026-05-13,1105.0,1122.0,1105.0,1112.0
2026-05-14,1117.0,1117.0,1075.0,1075.0
2026-05-15,1086.0,1088.0,1050.0,1060.0
2026-05-18,1050.0,1077.0,1050.0,1058.0
2026-05-19,1060.0,1095.0,1058.0,1081.0
2026-05-20,1092.0,1092.0,1057.0,1063.0
2026-05-21,1084.0,1084.0,1051.0,1060.0
2026-05-22,1068.0,1087.0,1062.0,1087.0
2026-05-25,1096.0,1108.0,1070.0,1079.0
2026-05-26,1100.0,1103.0,1087.0,1100.0
2026-05-27,1106.0,1115.0,1100.0,1108.0
2026-05-28,1100.0,1139.0,1100.0,1135.0
2026-05-29,1144.0,1146.0,1135.0,1139.0
2026-06-01,1146.0,1148.0,1116.0,1124.0
2026-06-02,1139.0,1139.0,1090.0,1110.0
2026-06-03,1113.0,1113.0,1090.0,1104.0
2026-06-04,1128.0,1145.0,1123.0,1136.0
2026-06-05,1140.0,1148.0,1130.0,1136.0
2026-06-08,1136.0,1159.0,1136.0,1152.0
2026-06-09,1160.0,1179.0,1160.0,1161.0
2026-06-10,1171.0,1171.0,1150.0,1157.0
2026-06-11,1160.0,1185.0,1160.0,1182.0
2026-06-12,1190.0,1197.0,1180.0,1189.0
2026-06-15,1199.0,1199.0,1159.0,1167.0
2026-06-16,1170.0,1170.0,1141.0,1146.0
2026-06-17,1143.0,1150.0,1135.0,1150.0
2026-06-18,1150.0,1165.0,1145.0,1151.0
2026-06-19,1153.0,1153.0,1128.0,1132.0
2026-06-22,1162.0,1167.0,1143.0,1149.0
2026-06-23,1155.0,1169.0,1154.0,1159.0
2026-06-24,1159.0,1169.0,1156.0,1160.0
2026-06-25,1163.0,1169.0,1156.0,1160.0
2026-06-26,1161.0,1168.0,1143.0,1143.0
2026-06-29,993.0,1020.0,986.0,989.0
2026-06-30,991.0,996.0,980.0,980.0
2026-07-01,979.0,979.0,901.0,907.0
2026-07-02,919.0,926.0,895.0,920.0
2026-07-03,929.0,949.0,926.0,949.0
2026-07-06,950.0,957.0,925.0,927.0
2026-07-07,927.0,957.0,923.0,950.0
2026-07-08,940.0,947.0,933.0,940.0
2026-07-09,945.0,949.0,938.0,940.0
2026-07-10,942.0,943.0,935.0,935.0
2026-07-13,939.0,939.0,933.0,933.0
2026-07-14,935.0,955.0,932.0,948.0
2026-07-15,950.0,962.0,945.0,962.0
2026-07-16,963.0,968.0,943.0,944.0
2026-07-17,944.0,947.0,908.0,917.0
2026-07-21,925.0,940.0,920.0,940.0
2026-07-22,942.0,948.0,939.0,940.0
2026-07-23,940.0,944.0,933.0,944.0
2026-07-24,944.0,944.0,921.0,924.0
2026-07-27,927.0,957.0,927.0,952.0
2026-07-28,955.0,958.0,946.0,950.0
2026-07-29,950.0,959.0,950.0,951.0
2026-07-30,951.0,958.0,945.0,945.0
2026-07-31,954.0,969.0,954.0,968.0
