date,open,high,low,close
2021-08-03,290.0,291.0,287.0,289.0
2021-08-04,288.0,288.0,280.0,284.0
2021-08-05,283.0,287.0,279.0,287.0
2021-08-06,287.0,287.0,281.0,282.0
2021-08-10,280.0,283.0,279.0,283.0
2021-08-11,283.0,284.0,279.0,279.0
2021-08-12,283.0,283.0,281.0,282.0
2021-08-13,282.0,285.0,278.0,285.0
2021-08-16,261.0,267.0,247.0,249.0
2021-08-17,243.0,248.0,229.0,234.0
2021-08-18,231.0,236.0,227.0,236.0
2021-08-19,234.0,261.0,233.0,239.0
2021-08-20,239.0,251.0,239.0,249.0
2021-08-23,247.0,248.0,244.0,245.0
2021-08-24,246.0,246.0,242.0,243.0
2021-08-25,240.0,242.0,239.0,241.0
2021-08-26,240.0,241.0,239.0,240.0
2021-08-27,238.0,245.0,238.0,243.0
2021-08-30,243.0,247.0,243.0,243.0
2021-08-31,243.0,244.0,241.0,244.0
2021-09-01,244.0,253.0,242.0,253.0
2021-09-02,254.0,285.0,250.0,265.0
2021-09-03,278.0,278.0,266.0,268.0
2021-09-06,268.0,282.0,267.0,268.0
2021-09-07,270.0,270.0,265.0,267.0
2021-09-08,264.0,265.0,260.0,260.0
2021-09-09,261.0,263.0,260.0,261.0
2021-09-10,261.0,262.0,258.0,260.0
2021-09-13,258.0,261.0,254.0,254.0
2021-09-14,255.0,256.0,253.0,253.0
2021-09-15,252.0,255.0,250.0,251.0
2021-09-16,251.0,329.0,251.0,269.0
2021-09-17,266.0,279.0,262.0,263.0
2021-09-21,255.0,260.0,252.0,256.0
2021-09-22,254.0,257.0,253.0,255.0
2021-09-24,256.0,259.0,255.0,256.0
2021-09-27,260.0,260.0,255.0,256.0
2021-09-28,256.0,306.0,255.0,276.0
2021-09-29,278.0,280.0,262.0,271.0
2021-09-30,270.0,270.0,262.0,268.0
2021-10-01,268.0,268.0,263.0,265.0
2021-10-04,264.0,264.0,259.0,262.0
2021-10-05,262.0,265.0,254.0,265.0
2021-10-06,263.0,263.0,260.0,262.0
2021-10-07,260.0,262.0,259.0,259.0
2021-10-08,260.0,260.0,258.0,259.0
2021-10-11,264.0,264.0,258.0,258.0
2021-10-12,262.0,271.0,257.0,262.0
2021-10-13,260.0,288.0,257.0,266.0
2021-10-14,272.0,299.0,265.0,265.0
2021-10-15,267.0,269.0,264.0,268.0
2021-10-18,272.0,278.0,268.0,277.0
2021-10-19,277.0,279.0,272.0,275.0
2021-10-20,278.0,278.0,270.0,271.0
2021-10-21,270.0,272.0,267.0,270.0
2021-10-22,266.0,272.0,266.0,267.0
2021-10-25,267.0,271.0,265.0,266.0
2021-10-26,269.0,269.0,266.0,268.0
2021-10-27,271.0,271.0,263.0,265.0
2021-10-28,264.0,265.0,262.0,262.0
2021-10-29,264.0,265.0,262.0,265.0
2021-11-01,265.0,271.0,265.0,270.0
2021-11-02,267.0,269.0,266.0,269.0
2021-11-04,270.0,273.0,266.0,273.0
2021-11-05,273.0,273.0,269.0,270.0
2021-11-08,265.0,266.0,262.0,263.0
2021-11-09,262.0,262.0,259.0,260.0
2021-11-10,263.0,263.0,258.0,259.0
2021-11-11,259.0,261.0,253.0,253.0
2021-11-12,253.0,257.0,253.0,256.0
2021-11-15,254.0,258.0,254.0,255.0
2021-11-16,255.0,255.0,250.0,253.0
2021-11-17,255.0,255.0,247.0,252.0
2021-11-18,252.0,255.0,247.0,250.0
2021-11-19,253.0,253.0,245.0,248.0
2021-11-22,248.0,248.0,240.0,245.0
2021-11-24,244.0,249.0,243.0,248.0
2021-11-25,244.0,247.0,243.0,247.0
2021-11-26,247.0,252.0,241.0,252.0
2021-11-29,246.0,255.0,245.0,254.0
2021-11-30,252.0,253.0,248.0,250.0
2021-12-01,247.0,249.0,241.0,247.0
2021-12-02,244.0,249.0,241.0,249.0
2021-12-03,249.0,250.0,248.0,250.0
2021-12-06,250.0,251.0,247.0,251.0
2021-12-07,249.0,254.0,249.0,254.0
2021-12-08,255.0,255.0,253.0,253.0
2021-12-09,255.0,255.0,253.0,255.0
2021-12-10,254.0,255.0,252.0,252.0
2021-12-13,252.0,252.0,249.0,250.0
2021-12-14,249.0,250.0,247.0,250.0
2021-12-15,247.0,248.0,245.0,246.0
2021-12-16,253.0,283.0,248.0,252.0
2021-12-17,249.0,252.0,242.0,247.0
2021-12-20,244.0,245.0,241.0,241.0
2021-12-21,240.0,243.0,238.0,240.0
2021-12-22,240.0,242.0,238.0,240.0
2021-12-23,240.0,241.0,240.0,240.0
2021-12-24,240.0,241.0,238.0,240.0
2021-12-27,241.0,241.0,235.0,237.0
2021-12-28,245.0,263.0,238.0,240.0
2021-12-29,237.0,242.0,237.0,238.0
2021-12-30,239.0,241.0,239.0,240.0
2022-01-04,241.0,241.0,236.0,239.0
2022-01-05,238.0,245.0,238.0,242.0
2022-01-06,239.0,241.0,238.0,240.0
2022-01-07,240.0,242.0,236.0,241.0
2022-01-11,243.0,243.0,237.0,239.0
2022-01-12,239.0,239.0,236.0,238.0
2022-01-13,238.0,240.0,235.0,238.0
2022-01-14,238.0,238.0,234.0,238.0
2022-01-17,238.0,238.0,235.0,235.0
2022-01-18,235.0,237.0,234.0,235.0
2022-01-19,235.0,238.0,232.0,234.0
2022-01-20,234.0,236.0,233.0,234.0
2022-01-21,231.0,234.0,229.0,233.0
2022-01-24,228.0,230.0,226.0,228.0
2022-01-25,228.0,232.0,228.0,231.0
2022-01-26,228.0,230.0,227.0,230.0
2022-01-27,230.0,230.0,227.0,228.0
2022-01-28,225.0,228.0,225.0,226.0
2022-01-31,226.0,233.0,226.0,230.0
2022-02-01,230.0,230.0,227.0,230.0
2022-02-02,230.0,230.0,225.0,229.0
2022-02-03,229.0,231.0,227.0,231.0
2022-02-04,231.0,233.0,226.0,233.0
2022-02-07,228.0,231.0,226.0,231.0
2022-02-08,226.0,228.0,223.0,228.0
2022-02-09,225.0,228.0,222.0,227.0
2022-02-10,227.0,230.0,226.0,230.0
2022-02-14,230.0,230.0,229.0,230.0
2022-02-15,230.0,230.0,226.0,227.0
2022-02-16,231.0,231.0,226.0,228.0
2022-02-17,228.0,228.0,226.0,227.0
2022-02-18,225.0,227.0,224.0,225.0
2022-02-21,222.0,225.0,222.0,224.0
2022-02-22,222.0,226.0,222.0,226.0
2022-02-24,222.0,226.0,218.0,226.0
2022-02-25,222.0,227.0,222.0,227.0
2022-02-28,227.0,227.0,227.0,227.0
2022-03-01,223.0,231.0,222.0,226.0
2022-03-02,229.0,229.0,225.0,228.0
2022-03-03,230.0,230.0,228.0,230.0
2022-03-04,227.0,228.0,227.0,228.0
2022-03-07,229.0,229.0,221.0,227.0
2022-03-08,222.0,227.0,222.0,227.0
2022-03-09,227.0,228.0,225.0,228.0
2022-03-10,224.0,227.0,222.0,227.0
2022-03-11,227.0,228.0,225.0,228.0
2022-03-14,228.0,228.0,226.0,227.0
2022-03-15,225.0,226.0,225.0,225.0
2022-03-16,226.0,228.0,225.0,228.0
2022-03-17,228.0,234.0,228.0,234.0
2022-03-18,234.0,237.0,232.0,232.0
2022-03-22,235.0,235.0,230.0,234.0
2022-03-23,234.0,235.0,233.0,233.0
2022-03-24,233.0,234.0,231.0,233.0
2022-03-25,233.0,236.0,233.0,234.0
2022-03-28,236.0,236.0,232.0,234.0
2022-03-29,234.0,235.0,231.0,234.0
2022-03-30,228.0,240.0,225.0,240.0
2022-03-31,237.0,241.0,232.0,241.0
2022-04-01,239.0,241.0,237.0,241.0
2022-04-04,236.0,241.0,236.0,241.0
2022-04-05,240.0,240.0,238.0,240.0
2022-04-06,234.0,242.0,234.0,242.0
2022-04-07,240.0,240.0,231.0,232.0
2022-04-08,235.0,235.0,232.0,233.0
2022-04-11,234.0,234.0,231.0,233.0
2022-04-12,233.0,233.0,229.0,229.0
2022-04-13,230.0,232.0,229.0,231.0
2022-04-14,233.0,234.0,229.0,232.0
2022-04-15,232.0,232.0,232.0,232.0
2022-04-18,229.0,233.0,229.0,233.0
2022-04-19,233.0,234.0,231.0,234.0
2022-04-20,234.0,236.0,232.0,236.0
2022-04-21,236.0,236.0,232.0,235.0
2022-04-22,235.0,235.0,232.0,232.0
2022-04-25,225.0,228.0,225.0,228.0
2022-04-26,231.0,231.0,227.0,231.0
2022-04-27,228.0,230.0,222.0,230.0
2022-04-28,227.0,227.0,223.0,227.0
2022-05-02,220.0,227.0,220.0,227.0
2022-05-06,227.0,235.0,226.0,232.0
2022-05-09,227.0,238.0,227.0,238.0
2022-05-10,236.0,237.0,230.0,235.0
2022-05-11,232.0,238.0,232.0,238.0
2022-05-12,237.0,237.0,230.0,234.0
2022-05-13,233.0,237.0,230.0,237.0
2022-05-16,234.0,237.0,234.0,237.0
2022-05-17,237.0,237.0,232.0,232.0
2022-05-18,233.0,233.0,231.0,233.0
2022-05-19,231.0,234.0,230.0,234.0
2022-05-20,231.0,237.0,231.0,237.0
2022-05-23,237.0,239.0,235.0,239.0
2022-05-24,239.0,239.0,237.0,239.0
2022-05-25,237.0,240.0,237.0,240.0
2022-05-26,240.0,240.0,239.0,240.0
2022-05-27,236.0,240.0,236.0,238.0
2022-05-30,240.0,240.0,236.0,239.0
2022-05-31,238.0,240.0,237.0,240.0
2022-06-01,237.0,240.0,236.0,239.0
2022-06-02,238.0,239.0,233.0,239.0
2022-06-03,239.0,242.0,236.0,237.0
2022-06-06,236.0,239.0,236.0,239.0
2022-06-07,239.0,239.0,237.0,239.0
2022-06-08,239.0,241.0,239.0,240.0
2022-06-09,240.0,241.0,239.0,241.0
2022-06-10,241.0,241.0,239.0,240.0
2022-06-13,238.0,238.0,237.0,238.0
2022-06-14,238.0,239.0,238.0,239.0
2022-06-15,239.0,239.0,238.0,239.0
2022-06-16,237.0,238.0,237.0,238.0
2022-06-17,237.0,237.0,235.0,235.0
2022-06-20,237.0,240.0,234.0,239.0
2022-06-21,245.0,246.0,240.0,241.0
2022-06-22,240.0,243.0,240.0,242.0
2022-06-23,242.0,242.0,240.0,240.0
2022-06-24,240.0,245.0,238.0,240.0
2022-06-27,240.0,240.0,235.0,237.0
2022-06-28,237.0,245.0,236.0,240.0
2022-06-29,240.0,240.0,238.0,239.0
2022-06-30,242.0,243.0,240.0,241.0
2022-07-01,241.0,245.0,241.0,244.0
2022-07-04,241.0,244.0,240.0,244.0
2022-07-05,240.0,245.0,240.0,244.0
2022-07-06,244.0,245.0,242.0,245.0
2022-07-07,243.0,245.0,241.0,241.0
2022-07-08,243.0,243.0,233.0,240.0
2022-07-11,240.0,245.0,240.0,245.0
2022-07-12,240.0,244.0,240.0,244.0
2022-07-13,244.0,244.0,243.0,244.0
2022-07-14,244.0,244.0,241.0,243.0
2022-07-15,243.0,243.0,240.0,242.0
2022-07-19,244.0,247.0,243.0,246.0
2022-07-20,246.0,248.0,245.0,246.0
2022-07-21,246.0,247.0,245.0,245.0
2022-07-22,246.0,246.0,244.0,244.0
2022-07-25,244.0,246.0,240.0,240.0
2022-07-26,239.0,241.0,239.0,239.0
2022-07-27,239.0,239.0,239.0,239.0
2022-07-28,241.0,277.0,241.0,243.0
2022-07-29,243.0,248.0,242.0,243.0
2022-08-01,242.0,243.0,237.0,239.0
2022-08-02,243.0,243.0,239.0,242.0
2022-08-03,243.0,246.0,240.0,246.0
2022-08-04,246.0,246.0,242.0,242.0
2022-08-05,242.0,250.0,242.0,250.0
2022-08-08,241.0,244.0,240.0,241.0
2022-08-09,239.0,241.0,236.0,241.0
2022-08-10,241.0,243.0,238.0,241.0
2022-08-12,244.0,244.0,241.0,241.0
2022-08-15,242.0,242.0,241.0,241.0
2022-08-16,241.0,241.0,241.0,241.0
2022-08-17,242.0,242.0,239.0,241.0
2022-08-18,241.0,245.0,239.0,245.0
2022-08-19,245.0,245.0,242.0,242.0
2022-08-22,244.0,244.0,241.0,243.0
2022-08-23,244.0,249.0,241.0,247.0
2022-08-24,247.0,261.0,245.0,249.0
2022-08-25,249.0,251.0,245.0,247.0
2022-08-26,247.0,251.0,245.0,248.0
2022-08-29,247.0,248.0,243.0,245.0
2022-08-30,253.0,262.0,248.0,253.0
2022-08-31,253.0,255.0,250.0,250.0
2022-09-01,249.0,255.0,249.0,255.0
2022-09-02,254.0,257.0,251.0,251.0
2022-09-05,250.0,255.0,250.0,255.0
2022-09-06,255.0,259.0,254.0,259.0
2022-09-07,259.0,259.0,254.0,255.0
2022-09-08,259.0,259.0,252.0,252.0
2022-09-09,253.0,255.0,251.0,252.0
2022-09-12,254.0,254.0,249.0,251.0
2022-09-13,252.0,252.0,242.0,251.0
2022-09-14,251.0,251.0,243.0,251.0
2022-09-15,251.0,253.0,251.0,252.0
2022-09-16,255.0,255.0,247.0,249.0
2022-09-20,251.0,251.0,245.0,248.0
2022-09-21,250.0,252.0,248.0,250.0
2022-09-22,248.0,251.0,245.0,251.0
2022-09-26,246.0,247.0,244.0,246.0
2022-09-27,260.0,269.0,245.0,248.0
2022-09-28,247.0,249.0,244.0,249.0
2022-09-29,252.0,252.0,247.0,250.0
2022-09-30,250.0,250.0,242.0,249.0
2022-10-03,248.0,248.0,243.0,247.0
2022-10-04,250.0,251.0,245.0,250.0
2022-10-05,252.0,252.0,248.0,248.0
2022-10-06,248.0,252.0,246.0,249.0
2022-10-07,246.0,250.0,244.0,247.0
2022-10-11,243.0,253.0,243.0,248.0
2022-10-12,250.0,250.0,243.0,248.0
2022-10-13,248.0,260.0,248.0,250.0
2022-10-14,250.0,250.0,246.0,250.0
2022-10-17,250.0,250.0,249.0,250.0
2022-10-18,250.0,253.0,249.0,253.0
2022-10-19,253.0,253.0,250.0,250.0
2022-10-20,251.0,251.0,250.0,250.0
2022-10-21,249.0,250.0,249.0,250.0
2022-10-24,249.0,250.0,247.0,247.0
2022-10-25,249.0,249.0,247.0,249.0
2022-10-26,248.0,249.0,246.0,249.0
2022-10-27,249.0,249.0,249.0,249.0
2022-10-28,249.0,249.0,247.0,249.0
2022-10-31,250.0,250.0,249.0,250.0
2022-11-01,251.0,252.0,249.0,252.0
2022-11-02,250.0,252.0,248.0,249.0
2022-11-04,251.0,251.0,248.0,248.0
2022-11-07,247.0,247.0,242.0,244.0
2022-11-08,244.0,244.0,240.0,243.0
2022-11-09,243.0,244.0,242.0,244.0
2022-11-10,242.0,243.0,241.0,243.0
2022-11-11,241.0,244.0,240.0,244.0
2022-11-14,244.0,247.0,244.0,244.0
2022-11-15,247.0,247.0,244.0,247.0
2022-11-16,245.0,247.0,244.0,247.0
2022-11-17,245.0,247.0,245.0,247.0
2022-11-18,247.0,247.0,246.0,247.0
2022-11-21,246.0,247.0,245.0,245.0
2022-11-22,246.0,247.0,244.0,245.0
2022-11-24,241.0,243.0,241.0,243.0
2022-11-25,241.0,246.0,241.0,243.0
2022-11-28,242.0,242.0,240.0,242.0
2022-11-29,242.0,243.0,241.0,243.0
2022-11-30,241.0,251.0,241.0,251.0
2022-12-01,250.0,250.0,243.0,244.0
2022-12-02,243.0,243.0,241.0,241.0
2022-12-05,241.0,242.0,241.0,242.0
2022-12-06,242.0,242.0,241.0,242.0
2022-12-07,242.0,242.0,240.0,242.0
2022-12-08,241.0,242.0,241.0,242.0
2022-12-09,242.0,242.0,241.0,241.0
2022-12-12,240.0,240.0,238.0,238.0
2022-12-13,238.0,238.0,231.0,238.0
2022-12-14,238.0,239.0,237.0,239.0
2022-12-15,237.0,240.0,237.0,239.0
2022-12-16,235.0,240.0,235.0,240.0
2022-12-19,238.0,240.0,236.0,239.0
2022-12-20,239.0,240.0,237.0,239.0
2022-12-21,238.0,239.0,236.0,239.0
2022-12-22,235.0,238.0,233.0,238.0
2022-12-23,235.0,238.0,233.0,237.0
2022-12-26,236.0,236.0,232.0,233.0
2022-12-27,233.0,238.0,231.0,238.0
2022-12-28,233.0,233.0,230.0,231.0
2022-12-29,230.0,233.0,228.0,233.0
2022-12-30,240.0,248.0,235.0,242.0
2023-01-04,242.0,247.0,236.0,244.0
2023-01-05,237.0,244.0,237.0,243.0
2023-01-06,243.0,244.0,243.0,244.0
2023-01-10,244.0,245.0,238.0,243.0
2023-01-11,244.0,245.0,243.0,244.0
2023-01-12,245.0,247.0,244.0,246.0
2023-01-13,246.0,248.0,243.0,246.0
2023-01-16,248.0,248.0,244.0,247.0
2023-01-17,245.0,247.0,243.0,246.0
2023-01-18,247.0,248.0,244.0,248.0
2023-01-19,248.0,249.0,248.0,249.0
2023-01-20,247.0,247.0,246.0,246.0
2023-01-23,247.0,248.0,247.0,247.0
2023-01-24,247.0,247.0,244.0,246.0
2023-01-25,246.0,246.0,244.0,246.0
2023-01-26,248.0,248.0,245.0,245.0
2023-01-27,245.0,248.0,245.0,246.0
2023-01-30,246.0,247.0,246.0,246.0
2023-01-31,246.0,246.0,245.0,246.0
2023-02-01,246.0,247.0,245.0,246.0
2023-02-02,245.0,246.0,243.0,246.0
2023-02-03,246.0,248.0,244.0,248.0
2023-02-06,242.0,245.0,240.0,243.0
2023-02-07,243.0,245.0,242.0,243.0
2023-02-08,243.0,243.0,242.0,242.0
2023-02-09,242.0,246.0,242.0,246.0
2023-02-10,243.0,245.0,243.0,245.0
2023-02-13,247.0,247.0,244.0,244.0
2023-02-14,244.0,245.0,243.0,245.0
2023-02-15,247.0,247.0,244.0,244.0
2023-02-16,247.0,247.0,244.0,244.0
2023-02-17,244.0,246.0,244.0,246.0
2023-02-20,244.0,246.0,244.0,244.0
2023-02-21,244.0,245.0,243.0,245.0
2023-02-22,247.0,247.0,244.0,245.0
2023-02-24,247.0,247.0,244.0,244.0
2023-02-27,245.0,245.0,237.0,239.0
2023-02-28,239.0,243.0,239.0,241.0
2023-03-01,240.0,242.0,240.0,241.0
2023-03-02,240.0,243.0,240.0,242.0
2023-03-03,242.0,242.0,242.0,242.0
2023-03-06,240.0,242.0,238.0,242.0
2023-03-07,241.0,242.0,241.0,241.0
2023-03-08,243.0,243.0,239.0,241.0
2023-03-09,240.0,241.0,238.0,240.0
2023-03-10,239.0,241.0,239.0,239.0
2023-03-13,240.0,240.0,239.0,240.0
2023-03-14,240.0,240.0,238.0,240.0
2023-03-15,241.0,242.0,239.0,240.0
2023-03-16,236.0,239.0,236.0,237.0
2023-03-17,242.0,242.0,237.0,240.0
2023-03-20,240.0,240.0,231.0,239.0
2023-03-22,239.0,240.0,238.0,239.0
2023-03-23,235.0,236.0,235.0,236.0
2023-03-24,237.0,237.0,235.0,236.0
2023-03-27,236.0,237.0,235.0,235.0
2023-03-28,236.0,237.0,235.0,235.0
2023-03-29,236.0,236.0,234.0,235.0
2023-03-30,234.0,235.0,234.0,235.0
2023-03-31,235.0,235.0,234.0,235.0
2023-04-03,235.0,236.0,234.0,235.0
2023-04-04,234.0,235.0,234.0,234.0
2023-04-05,235.0,236.0,234.0,236.0
2023-04-06,239.0,239.0,231.0,231.0
2023-04-07,232.0,232.0,230.0,231.0
2023-04-10,226.0,230.0,220.0,228.0
2023-04-11,228.0,228.0,226.0,228.0
2023-04-12,230.0,260.0,229.0,248.0
2023-04-13,248.0,300.0,244.0,268.0
2023-04-14,259.0,300.0,252.0,286.0
2023-04-17,290.0,305.0,272.0,279.0
2023-04-18,279.0,281.0,259.0,259.0
2023-04-19,259.0,278.0,258.0,271.0
2023-04-20,279.0,289.0,269.0,269.0
2023-04-21,266.0,276.0,253.0,254.0
2023-04-24,252.0,259.0,250.0,251.0
2023-04-25,252.0,256.0,251.0,254.0
2023-04-26,253.0,256.0,249.0,249.0
2023-04-27,248.0,267.0,242.0,255.0
2023-04-28,255.0,263.0,247.0,254.0
2023-05-01,254.0,254.0,247.0,248.0
2023-05-02,245.0,246.0,242.0,242.0
2023-05-08,245.0,245.0,230.0,234.0
2023-05-09,234.0,239.0,234.0,235.0
2023-05-10,235.0,239.0,234.0,238.0
2023-05-11,236.0,242.0,230.0,230.0
2023-05-12,238.0,238.0,232.0,232.0
2023-05-15,232.0,233.0,223.0,229.0
2023-05-16,229.0,232.0,227.0,230.0
2023-05-17,232.0,234.0,230.0,234.0
2023-05-18,232.0,233.0,230.0,232.0
2023-05-19,234.0,236.0,232.0,235.0
2023-05-22,234.0,236.0,232.0,233.0
2023-05-23,231.0,233.0,229.0,231.0
2023-05-24,229.0,234.0,228.0,233.0
2023-05-25,232.0,235.0,229.0,235.0
2023-05-26,233.0,233.0,231.0,231.0
2023-05-29,231.0,231.0,229.0,230.0
2023-05-30,229.0,243.0,226.0,239.0
2023-05-31,235.0,304.0,230.0,258.0
2023-06-01,274.0,284.0,252.0,263.0
2023-06-02,261.0,261.0,248.0,254.0
2023-06-05,251.0,257.0,248.0,248.0
2023-06-06,252.0,263.0,246.0,247.0
2023-06-07,250.0,250.0,242.0,246.0
2023-06-08,249.0,250.0,243.0,246.0
2023-06-09,244.0,250.0,244.0,250.0
2023-06-12,250.0,251.0,248.0,249.0
2023-06-13,250.0,251.0,249.0,249.0
2023-06-14,250.0,250.0,243.0,248.0
2023-06-15,246.0,248.0,245.0,246.0
2023-06-16,248.0,248.0,244.0,246.0
2023-06-19,247.0,253.0,247.0,249.0
2023-06-20,250.0,255.0,248.0,255.0
2023-06-21,258.0,259.0,251.0,253.0
2023-06-22,259.0,259.0,253.0,256.0
2023-06-23,255.0,259.0,251.0,253.0
2023-06-26,253.0,254.0,253.0,253.0
2023-06-27,250.0,253.0,250.0,253.0
2023-06-28,251.0,253.0,251.0,253.0
2023-06-29,261.0,266.0,257.0,266.0
2023-06-30,263.0,267.0,262.0,265.0
2023-07-03,267.0,267.0,263.0,264.0
2023-07-04,265.0,265.0,258.0,261.0
2023-07-05,260.0,263.0,259.0,263.0
2023-07-06,263.0,268.0,261.0,262.0
2023-07-07,261.0,266.0,261.0,262.0
2023-07-10,262.0,265.0,262.0,265.0
2023-07-11,266.0,267.0,259.0,262.0
2023-07-12,258.0,261.0,257.0,261.0
2023-07-13,262.0,262.0,257.0,259.0
2023-07-14,256.0,257.0,256.0,257.0
2023-07-18,256.0,262.0,256.0,262.0
2023-07-19,263.0,263.0,256.0,260.0
2023-07-20,260.0,262.0,258.0,262.0
2023-07-21,261.0,262.0,256.0,259.0
2023-07-24,261.0,262.0,257.0,258.0
2023-07-25,260.0,262.0,258.0,262.0
2023-07-26,262.0,262.0,258.0,259.0
2023-07-27,263.0,263.0,259.0,262.0
2023-07-28,258.0,262.0,255.0,257.0
2023-07-31,254.0,255.0,242.0,253.0
2023-08-01,258.0,258.0,250.0,255.0
2023-08-02,255.0,255.0,253.0,254.0
2023-08-03,246.0,253.0,246.0,250.0
2023-08-04,248.0,256.0,246.0,256.0
2023-08-07,250.0,251.0,247.0,251.0
2023-08-08,253.0,253.0,252.0,252.0
2023-08-09,251.0,252.0,250.0,250.0
2023-08-10,249.0,258.0,242.0,258.0
2023-08-14,259.0,259.0,251.0,251.0
2023-08-15,251.0,252.0,250.0,252.0
2023-08-16,256.0,256.0,251.0,251.0
2023-08-17,251.0,251.0,250.0,251.0
2023-08-18,251.0,259.0,249.0,253.0
2023-08-21,253.0,253.0,250.0,252.0
2023-08-22,252.0,253.0,252.0,253.0
2023-08-23,251.0,254.0,248.0,251.0
2023-08-24,251.0,255.0,250.0,251.0
2023-08-25,253.0,256.0,253.0,256.0
2023-08-28,256.0,256.0,256.0,256.0
2023-08-29,257.0,299.0,256.0,264.0
2023-08-30,272.0,275.0,260.0,267.0
2023-08-31,267.0,275.0,265.0,273.0
2023-09-01,275.0,275.0,269.0,271.0
2023-09-04,267.0,271.0,263.0,264.0
2023-09-05,265.0,271.0,263.0,265.0
2023-09-06,268.0,268.0,265.0,265.0
2023-09-07,264.0,269.0,264.0,266.0
2023-09-08,265.0,268.0,265.0,266.0
2023-09-11,266.0,266.0,259.0,259.0
2023-09-12,258.0,258.0,250.0,251.0
2023-09-13,250.0,252.0,250.0,251.0
2023-09-14,252.0,252.0,245.0,246.0
2023-09-15,244.0,252.0,244.0,252.0
2023-09-19,251.0,251.0,247.0,248.0
2023-09-20,247.0,249.0,247.0,249.0
2023-09-21,247.0,248.0,247.0,248.0
2023-09-22,246.0,247.0,245.0,247.0
2023-09-25,245.0,248.0,245.0,248.0
2023-09-26,249.0,249.0,248.0,249.0
2023-09-27,249.0,250.0,248.0,250.0
2023-09-28,250.0,262.0,249.0,254.0
2023-09-29,254.0,255.0,253.0,255.0
2023-10-02,255.0,255.0,251.0,251.0
2023-10-03,254.0,254.0,250.0,251.0
2023-10-04,244.0,249.0,244.0,248.0
2023-10-05,246.0,248.0,246.0,248.0
2023-10-06,248.0,248.0,246.0,246.0
2023-10-10,246.0,248.0,246.0,248.0
2023-10-11,249.0,250.0,244.0,244.0
2023-10-12,244.0,245.0,243.0,243.0
2023-10-13,244.0,245.0,244.0,245.0
2023-10-16,245.0,246.0,244.0,245.0
2023-10-17,244.0,245.0,243.0,245.0
2023-10-18,247.0,272.0,237.0,242.0
2023-10-19,247.0,247.0,239.0,243.0
2023-10-20,247.0,248.0,239.0,242.0
2023-10-23,240.0,247.0,240.0,244.0
2023-10-24,242.0,242.0,236.0,239.0
2023-10-25,240.0,243.0,239.0,243.0
2023-10-26,239.0,242.0,237.0,242.0
2023-10-27,241.0,241.0,240.0,240.0
2023-10-30,242.0,242.0,240.0,241.0
2023-10-31,243.0,243.0,237.0,240.0
2023-11-01,240.0,242.0,233.0,241.0
2023-11-02,240.0,242.0,235.0,242.0
2023-11-06,242.0,242.0,242.0,242.0
2023-11-07,242.0,249.0,241.0,244.0
2023-11-08,238.0,241.0,237.0,238.0
2023-11-09,239.0,243.0,239.0,240.0
2023-11-10,239.0,243.0,239.0,243.0
2023-11-13,243.0,243.0,239.0,240.0
2023-11-14,240.0,242.0,239.0,240.0
2023-11-15,239.0,240.0,238.0,239.0
2023-11-16,240.0,240.0,235.0,237.0
2023-11-17,237.0,240.0,237.0,240.0
2023-11-20,240.0,240.0,239.0,239.0
2023-11-21,240.0,249.0,238.0,240.0
2023-11-22,239.0,243.0,238.0,240.0
2023-11-24,240.0,243.0,239.0,241.0
2023-11-27,242.0,244.0,242.0,242.0
2023-11-28,241.0,242.0,238.0,242.0
2023-11-29,242.0,242.0,238.0,239.0
2023-11-30,243.0,243.0,240.0,240.0
2023-12-01,239.0,242.0,238.0,239.0
2023-12-04,237.0,240.0,237.0,240.0
2023-12-05,239.0,240.0,239.0,239.0
2023-12-06,242.0,242.0,240.0,242.0
2023-12-07,242.0,242.0,235.0,240.0
2023-12-08,241.0,241.0,234.0,237.0
2023-12-11,235.0,237.0,235.0,237.0
2023-12-12,238.0,238.0,236.0,236.0
2023-12-13,236.0,240.0,234.0,236.0
2023-12-14,235.0,237.0,234.0,236.0
2023-12-15,235.0,238.0,235.0,236.0
2023-12-18,236.0,238.0,236.0,236.0
2023-12-19,235.0,238.0,235.0,238.0
2023-12-20,235.0,237.0,232.0,237.0
2023-12-21,237.0,239.0,233.0,238.0
2023-12-22,236.0,240.0,236.0,237.0
2023-12-25,233.0,238.0,233.0,235.0
2023-12-26,232.0,235.0,232.0,235.0
2023-12-27,233.0,236.0,233.0,236.0
2023-12-28,233.0,236.0,233.0,236.0
2023-12-29,235.0,238.0,235.0,236.0
2024-01-04,240.0,240.0,236.0,236.0
2024-01-05,236.0,238.0,236.0,237.0
2024-01-09,239.0,239.0,237.0,238.0
2024-01-10,237.0,237.0,235.0,237.0
2024-01-11,236.0,238.0,236.0,238.0
2024-01-12,240.0,315.0,240.0,273.0
2024-01-15,263.0,268.0,255.0,255.0
2024-01-16,261.0,284.0,246.0,246.0
2024-01-17,249.0,249.0,243.0,244.0
2024-01-18,247.0,257.0,245.0,246.0
2024-01-19,246.0,249.0,244.0,247.0
2024-01-22,250.0,255.0,247.0,253.0
2024-01-23,256.0,257.0,248.0,250.0
2024-01-24,248.0,256.0,245.0,254.0
2024-01-25,254.0,255.0,250.0,250.0
2024-01-26,251.0,252.0,250.0,250.0
2024-01-29,254.0,254.0,251.0,253.0
2024-01-30,253.0,254.0,250.0,251.0
2024-01-31,252.0,254.0,249.0,249.0
2024-02-01,251.0,252.0,250.0,251.0
2024-02-02,249.0,253.0,247.0,250.0
2024-02-05,252.0,261.0,250.0,253.0
2024-02-06,253.0,257.0,253.0,254.0
2024-02-07,250.0,255.0,243.0,248.0
2024-02-08,245.0,249.0,243.0,248.0
2024-02-09,244.0,247.0,244.0,244.0
2024-02-13,244.0,247.0,242.0,243.0
2024-02-14,247.0,247.0,243.0,244.0
2024-02-15,246.0,246.0,242.0,243.0
2024-02-16,243.0,243.0,234.0,237.0
2024-02-19,238.0,241.0,237.0,241.0
2024-02-20,240.0,242.0,237.0,242.0
2024-02-21,242.0,247.0,242.0,247.0
2024-02-22,245.0,246.0,242.0,243.0
2024-02-26,243.0,245.0,243.0,243.0
2024-02-27,243.0,245.0,243.0,245.0
2024-02-28,245.0,246.0,243.0,246.0
2024-02-29,248.0,248.0,243.0,246.0
2024-03-01,249.0,249.0,245.0,246.0
2024-03-04,246.0,248.0,241.0,248.0
2024-03-05,245.0,247.0,245.0,245.0
2024-03-06,245.0,246.0,244.0,245.0
2024-03-07,248.0,248.0,243.0,243.0
2024-03-08,243.0,250.0,242.0,248.0
2024-03-11,248.0,248.0,243.0,243.0
2024-03-12,244.0,248.0,240.0,244.0
2024-03-13,244.0,245.0,243.0,244.0
2024-03-14,245.0,246.0,242.0,246.0
2024-03-15,247.0,247.0,243.0,244.0
2024-03-18,246.0,247.0,244.0,247.0
2024-03-19,246.0,247.0,244.0,247.0
2024-03-21,244.0,245.0,243.0,245.0
2024-03-22,245.0,246.0,244.0,246.0
2024-03-25,246.0,246.0,242.0,245.0
2024-03-26,244.0,244.0,242.0,242.0
2024-03-27,244.0,260.0,238.0,248.0
2024-03-28,246.0,249.0,244.0,248.0
2024-03-29,245.0,246.0,244.0,245.0
2024-04-01,245.0,246.0,245.0,245.0
2024-04-02,245.0,245.0,243.0,243.0
2024-04-03,243.0,245.0,243.0,244.0
2024-04-04,243.0,245.0,243.0,244.0
2024-04-05,244.0,245.0,241.0,243.0
2024-04-08,243.0,244.0,238.0,244.0
2024-04-09,242.0,246.0,242.0,245.0
2024-04-10,248.0,248.0,245.0,247.0
2024-04-11,245.0,245.0,245.0,245.0
2024-04-12,246.0,246.0,244.0,244.0
2024-04-15,244.0,247.0,244.0,245.0
2024-04-16,245.0,247.0,240.0,247.0
2024-04-17,247.0,247.0,242.0,245.0
2024-04-18,247.0,247.0,243.0,243.0
2024-04-19,244.0,244.0,237.0,240.0
2024-04-22,239.0,243.0,239.0,241.0
2024-04-23,242.0,247.0,240.0,245.0
2024-04-24,245.0,245.0,242.0,242.0
2024-04-25,242.0,248.0,242.0,246.0
2024-04-26,248.0,248.0,245.0,246.0
2024-04-30,245.0,246.0,245.0,246.0
2024-05-01,245.0,245.0,239.0,242.0
2024-05-02,241.0,244.0,241.0,241.0
2024-05-07,241.0,243.0,240.0,243.0
2024-05-08,243.0,243.0,241.0,242.0
2024-05-09,242.0,243.0,241.0,243.0
2024-05-10,240.0,241.0,239.0,241.0
2024-05-13,240.0,243.0,239.0,243.0
2024-05-14,243.0,243.0,240.0,241.0
2024-05-15,241.0,241.0,241.0,241.0
2024-05-16,239.0,242.0,238.0,238.0
2024-05-17,239.0,241.0,239.0,241.0
2024-05-20,242.0,242.0,239.0,239.0
2024-05-21,240.0,240.0,238.0,238.0
2024-05-22,238.0,240.0,238.0,239.0
2024-05-23,239.0,239.0,235.0,237.0
2024-05-24,237.0,240.0,237.0,239.0
2024-05-27,237.0,239.0,236.0,239.0
2024-05-28,237.0,238.0,237.0,237.0
2024-05-29,238.0,239.0,236.0,238.0
2024-05-30,239.0,240.0,237.0,238.0
2024-05-31,238.0,239.0,238.0,239.0
2024-06-03,239.0,240.0,238.0,239.0
2024-06-04,239.0,240.0,238.0,238.0
2024-06-05,240.0,240.0,237.0,237.0
2024-06-06,237.0,239.0,236.0,239.0
2024-06-07,239.0,239.0,237.0,238.0
2024-06-10,239.0,240.0,239.0,240.0
2024-06-11,241.0,242.0,241.0,241.0
2024-06-12,243.0,244.0,242.0,244.0
2024-06-13,245.0,246.0,245.0,246.0
2024-06-14,244.0,245.0,244.0,245.0
2024-06-17,245.0,245.0,243.0,243.0
2024-06-18,241.0,243.0,241.0,243.0
2024-06-19,244.0,244.0,241.0,241.0
2024-06-20,241.0,241.0,240.0,240.0
2024-06-21,243.0,243.0,243.0,243.0
2024-06-24,240.0,240.0,239.0,240.0
2024-06-25,240.0,240.0,238.0,239.0
2024-06-26,239.0,242.0,239.0,242.0
2024-06-27,241.0,242.0,241.0,242.0
2024-06-28,242.0,243.0,238.0,238.0
2024-07-01,239.0,239.0,236.0,236.0
2024-07-02,237.0,237.0,236.0,237.0
2024-07-03,239.0,239.0,236.0,236.0
2024-07-04,237.0,238.0,236.0,236.0
2024-07-05,235.0,238.0,235.0,236.0
2024-07-08,238.0,238.0,235.0,238.0
2024-07-09,238.0,238.0,236.0,236.0
2024-07-10,236.0,238.0,235.0,236.0
2024-07-11,235.0,239.0,235.0,239.0
2024-07-12,234.0,237.0,234.0,236.0
2024-07-16,234.0,235.0,234.0,235.0
2024-07-17,234.0,239.0,231.0,234.0
2024-07-18,234.0,234.0,232.0,233.0
2024-07-19,234.0,235.0,233.0,235.0
2024-07-22,236.0,237.0,234.0,237.0
2024-07-23,238.0,238.0,234.0,234.0
2024-07-24,235.0,236.0,234.0,234.0
2024-07-25,232.0,235.0,232.0,233.0
2024-07-26,235.0,235.0,233.0,233.0
2024-07-29,236.0,236.0,234.0,234.0
2024-07-30,236.0,236.0,234.0,236.0
2024-07-31,235.0,236.0,235.0,235.0
2024-08-01,235.0,236.0,233.0,234.0
2024-08-02,228.0,234.0,227.0,233.0
2024-08-05,221.0,230.0,201.0,227.0
2024-08-06,219.0,229.0,219.0,228.0
2024-08-07,210.0,228.0,210.0,227.0
2024-08-08,215.0,229.0,215.0,228.0
2024-08-09,233.0,233.0,219.0,230.0
2024-08-13,226.0,228.0,221.0,224.0
2024-08-14,224.0,227.0,219.0,225.0
2024-08-15,225.0,229.0,225.0,228.0
2024-08-16,227.0,230.0,226.0,229.0
2024-08-19,227.0,229.0,226.0,228.0
2024-08-20,227.0,228.0,227.0,227.0
2024-08-21,227.0,228.0,226.0,228.0
2024-08-22,228.0,229.0,224.0,228.0
2024-08-23,228.0,228.0,226.0,228.0
2024-08-26,229.0,229.0,227.0,227.0
2024-08-27,227.0,227.0,227.0,227.0
2024-08-28,227.0,228.0,227.0,228.0
2024-08-29,227.0,228.0,227.0,228.0
2024-08-30,227.0,228.0,226.0,228.0
2024-09-02,227.0,229.0,224.0,229.0
2024-09-03,225.0,229.0,224.0,228.0
2024-09-04,225.0,228.0,225.0,228.0
2024-09-05,226.0,229.0,223.0,229.0
2024-09-06,225.0,231.0,225.0,229.0
2024-09-09,232.0,262.0,229.0,233.0
2024-09-10,231.0,234.0,230.0,232.0
2024-09-11,230.0,231.0,224.0,229.0
2024-09-12,228.0,231.0,225.0,230.0
2024-09-13,231.0,234.0,227.0,230.0
2024-09-17,230.0,233.0,229.0,230.0
2024-09-18,233.0,233.0,233.0,233.0
2024-09-19,232.0,234.0,228.0,232.0
2024-09-20,235.0,235.0,232.0,233.0
2024-09-24,233.0,233.0,231.0,231.0
2024-09-25,229.0,232.0,229.0,231.0
2024-09-26,230.0,232.0,229.0,232.0
2024-09-27,232.0,232.0,226.0,230.0
2024-09-30,224.0,232.0,223.0,232.0
2024-10-01,230.0,231.0,230.0,231.0
2024-10-02,233.0,233.0,224.0,231.0
2024-10-03,230.0,230.0,228.0,229.0
2024-10-04,230.0,231.0,228.0,230.0
2024-10-07,229.0,230.0,229.0,229.0
2024-10-08,230.0,230.0,225.0,229.0
2024-10-09,228.0,228.0,223.0,228.0
2024-10-10,228.0,228.0,226.0,226.0
2024-10-11,221.0,226.0,221.0,226.0
2024-10-15,223.0,224.0,222.0,224.0
2024-10-16,225.0,225.0,224.0,224.0
2024-10-17,226.0,226.0,223.0,223.0
2024-10-18,223.0,224.0,223.0,224.0
2024-10-21,223.0,224.0,220.0,223.0
2024-10-22,224.0,224.0,219.0,222.0
2024-10-23,221.0,222.0,217.0,222.0
2024-10-24,217.0,218.0,212.0,217.0
2024-10-25,219.0,220.0,218.0,220.0
2024-10-28,220.0,221.0,220.0,221.0
2024-10-29,222.0,222.0,221.0,221.0
2024-10-30,218.0,221.0,218.0,221.0
2024-10-31,221.0,221.0,221.0,221.0
2024-11-01,222.0,222.0,222.0,222.0
2024-11-05,221.0,226.0,221.0,226.0
2024-11-06,228.0,229.0,226.0,228.0
2024-11-07,228.0,229.0,227.0,228.0
2024-11-08,230.0,248.0,230.0,234.0
2024-11-11,229.0,232.0,227.0,228.0
2024-11-12,230.0,230.0,230.0,230.0
2024-11-13,231.0,231.0,226.0,227.0
2024-11-14,227.0,231.0,227.0,231.0
2024-11-15,230.0,230.0,228.0,230.0
2024-11-18,229.0,231.0,229.0,231.0
2024-11-19,232.0,233.0,232.0,233.0
2024-11-20,232.0,232.0,232.0,232.0
2024-11-21,231.0,231.0,229.0,230.0
2024-11-22,229.0,230.0,228.0,229.0
2024-11-25,230.0,231.0,228.0,231.0
2024-11-26,229.0,231.0,227.0,229.0
2024-11-27,229.0,229.0,227.0,227.0
2024-11-28,228.0,228.0,227.0,227.0
2024-11-29,227.0,229.0,226.0,229.0
2024-12-02,229.0,229.0,228.0,228.0
2024-12-03,227.0,229.0,223.0,224.0
2024-12-04,221.0,229.0,220.0,229.0
2024-12-05,229.0,229.0,222.0,224.0
2024-12-06,224.0,226.0,222.0,226.0
2024-12-09,226.0,226.0,223.0,223.0
2024-12-10,222.0,225.0,222.0,225.0
2024-12-11,225.0,225.0,225.0,225.0
2024-12-12,223.0,224.0,218.0,219.0
2024-12-13,220.0,220.0,217.0,219.0
2024-12-16,220.0,220.0,217.0,217.0
2024-12-17,215.0,216.0,215.0,215.0
2024-12-18,217.0,217.0,214.0,217.0
2024-12-19,219.0,219.0,217.0,218.0
2024-12-20,218.0,218.0,217.0,218.0
2024-12-23,216.0,217.0,209.0,217.0
2024-12-24,219.0,219.0,216.0,217.0
2024-12-25,218.0,218.0,203.0,216.0
2024-12-26,216.0,216.0,212.0,214.0
2024-12-27,217.0,217.0,215.0,216.0
2024-12-30,216.0,220.0,216.0,219.0
2025-01-06,217.0,223.0,217.0,223.0
2025-01-07,224.0,224.0,220.0,222.0
2025-01-08,220.0,222.0,220.0,222.0
2025-01-09,222.0,222.0,219.0,219.0
2025-01-10,219.0,223.0,217.0,223.0
2025-01-14,221.0,224.0,221.0,224.0
2025-01-15,223.0,227.0,222.0,222.0
2025-01-16,223.0,224.0,223.0,224.0
2025-01-17,224.0,224.0,222.0,222.0
2025-01-20,222.0,223.0,222.0,222.0
2025-01-21,223.0,223.0,223.0,223.0
2025-01-22,223.0,223.0,223.0,223.0
2025-01-23,222.0,223.0,221.0,223.0
2025-01-24,224.0,226.0,224.0,226.0
2025-01-27,227.0,227.0,223.0,225.0
2025-01-28,223.0,225.0,223.0,224.0
2025-01-29,225.0,227.0,225.0,227.0
2025-01-30,225.0,225.0,224.0,224.0
2025-01-31,224.0,225.0,224.0,224.0
2025-02-03,223.0,224.0,221.0,224.0
2025-02-04,224.0,226.0,222.0,226.0
2025-02-05,226.0,228.0,226.0,227.0
2025-02-06,229.0,229.0,227.0,227.0
2025-02-07,226.0,233.0,226.0,233.0
2025-02-10,229.0,229.0,218.0,221.0
2025-02-12,221.0,221.0,219.0,221.0
2025-02-13,221.0,222.0,221.0,222.0
2025-02-14,222.0,227.0,222.0,223.0
2025-02-17,223.0,226.0,222.0,226.0
2025-02-18,225.0,227.0,223.0,227.0
2025-02-19,227.0,227.0,225.0,225.0
2025-02-20,226.0,229.0,223.0,223.0
2025-02-21,222.0,223.0,220.0,220.0
2025-02-25,222.0,222.0,220.0,221.0
2025-02-26,220.0,223.0,220.0,221.0
2025-02-27,220.0,222.0,220.0,220.0
2025-02-28,220.0,220.0,218.0,220.0
2025-03-03,221.0,221.0,221.0,221.0
2025-03-04,223.0,223.0,221.0,221.0
2025-03-05,221.0,221.0,221.0,221.0
2025-03-06,222.0,223.0,222.0,223.0
2025-03-07,221.0,222.0,221.0,222.0
2025-03-10,222.0,222.0,220.0,221.0
2025-03-11,220.0,220.0,220.0,220.0
2025-03-12,220.0,224.0,219.0,224.0
2025-03-13,224.0,224.0,222.0,222.0
2025-03-14,223.0,223.0,221.0,222.0
2025-03-17,222.0,222.0,220.0,221.0
2025-03-18,222.0,222.0,220.0,220.0
2025-03-19,221.0,224.0,220.0,223.0
2025-03-21,225.0,225.0,223.0,225.0
2025-03-24,230.0,230.0,224.0,224.0
2025-03-25,223.0,230.0,223.0,224.0
2025-03-26,223.0,225.0,222.0,223.0
2025-03-27,222.0,256.0,219.0,220.0
2025-03-28,220.0,226.0,220.0,223.0
2025-03-31,223.0,228.0,223.0,228.0
2025-04-01,225.0,227.0,217.0,217.0
2025-04-02,220.0,221.0,219.0,221.0
2025-04-03,217.0,222.0,217.0,222.0
2025-04-04,217.0,222.0,215.0,222.0
2025-04-07,209.0,223.0,193.0,223.0
2025-04-08,223.0,225.0,219.0,222.0
2025-04-09,217.0,221.0,215.0,220.0
2025-04-10,227.0,227.0,222.0,222.0
2025-04-11,221.0,221.0,221.0,221.0
2025-04-14,224.0,224.0,219.0,219.0
2025-04-15,220.0,240.0,219.0,220.0
2025-04-16,225.0,226.0,216.0,216.0
2025-04-17,220.0,245.0,220.0,228.0
2025-04-18,229.0,244.0,222.0,222.0
2025-04-21,222.0,227.0,222.0,225.0
2025-04-22,217.0,221.0,217.0,220.0
2025-04-23,222.0,224.0,222.0,223.0
2025-04-24,223.0,224.0,222.0,222.0
2025-04-25,222.0,224.0,222.0,223.0
2025-04-28,224.0,224.0,222.0,224.0
2025-04-30,223.0,223.0,221.0,222.0
2025-05-01,222.0,222.0,220.0,220.0
2025-05-02,220.0,223.0,220.0,223.0
2025-05-07,222.0,224.0,222.0,224.0
2025-05-08,224.0,224.0,219.0,221.0
2025-05-09,228.0,228.0,221.0,221.0
2025-05-12,224.0,239.0,220.0,221.0
2025-05-13,222.0,227.0,222.0,223.0
2025-05-14,224.0,239.0,223.0,224.0
2025-05-15,224.0,226.0,224.0,225.0
2025-05-16,227.0,237.0,224.0,236.0
2025-05-19,237.0,238.0,230.0,236.0
2025-05-20,239.0,253.0,236.0,247.0
2025-05-21,250.0,255.0,240.0,242.0
2025-05-22,239.0,245.0,237.0,241.0
2025-05-23,242.0,242.0,237.0,239.0
2025-05-26,237.0,238.0,232.0,234.0
2025-05-27,235.0,238.0,232.0,232.0
2025-05-28,236.0,251.0,236.0,250.0
2025-05-29,253.0,256.0,236.0,244.0
2025-05-30,244.0,244.0,239.0,243.0
2025-06-02,245.0,245.0,236.0,237.0
2025-06-03,243.0,250.0,237.0,242.0
2025-06-04,242.0,245.0,241.0,244.0
2025-06-05,242.0,242.0,236.0,237.0
2025-06-06,238.0,240.0,237.0,238.0
2025-06-09,237.0,238.0,235.0,236.0
2025-06-10,240.0,240.0,233.0,234.0
2025-06-11,234.0,238.0,227.0,236.0
2025-06-12,235.0,236.0,234.0,235.0
2025-06-13,236.0,236.0,231.0,234.0
2025-06-16,234.0,236.0,234.0,235.0
2025-06-17,236.0,261.0,236.0,251.0
2025-06-18,257.0,262.0,246.0,246.0
2025-06-19,246.0,248.0,244.0,245.0
2025-06-20,247.0,248.0,240.0,243.0
2025-06-23,240.0,241.0,233.0,238.0
2025-06-24,241.0,245.0,241.0,244.0
2025-06-25,244.0,245.0,242.0,243.0
2025-06-26,244.0,245.0,243.0,245.0
2025-06-27,244.0,255.0,241.0,255.0
2025-06-30,255.0,257.0,251.0,253.0
2025-07-01,258.0,258.0,253.0,253.0
2025-07-02,250.0,264.0,248.0,256.0
2025-07-03,258.0,258.0,251.0,252.0
2025-07-04,254.0,254.0,253.0,254.0
2025-07-07,251.0,254.0,250.0,253.0
2025-07-08,255.0,257.0,253.0,253.0
2025-07-09,257.0,258.0,255.0,255.0
2025-07-10,255.0,258.0,251.0,255.0
2025-07-11,255.0,260.0,255.0,260.0
2025-07-14,260.0,263.0,252.0,260.0
2025-07-15,260.0,261.0,255.0,256.0
2025-07-16,253.0,257.0,253.0,257.0
2025-07-17,255.0,256.0,253.0,255.0
2025-07-18,255.0,260.0,253.0,258.0
2025-07-22,261.0,270.0,253.0,256.0
2025-07-23,260.0,265.0,254.0,258.0
2025-07-24,257.0,261.0,257.0,257.0
2025-07-25,257.0,261.0,256.0,260.0
2025-07-28,259.0,262.0,256.0,259.0
2025-07-29,259.0,261.0,257.0,261.0
2025-07-30,261.0,262.0,256.0,259.0
2025-07-31,261.0,261.0,259.0,260.0
2025-08-01,261.0,263.0,261.0,263.0
2025-08-04,260.0,264.0,258.0,264.0
2025-08-05,265.0,265.0,263.0,264.0
2025-08-06,263.0,268.0,261.0,262.0
2025-08-07,263.0,275.0,263.0,275.0
2025-08-08,274.0,274.0,263.0,268.0
2025-08-12,268.0,268.0,232.0,245.0
2025-08-13,246.0,253.0,241.0,249.0
2025-08-14,248.0,251.0,245.0,250.0
2025-08-15,249.0,250.0,248.0,248.0
2025-08-18,250.0,254.0,250.0,253.0
2025-08-19,255.0,255.0,250.0,251.0
2025-08-20,250.0,255.0,250.0,254.0
2025-08-21,256.0,257.0,254.0,254.0
2025-08-22,255.0,255.0,254.0,254.0
2025-08-25,257.0,257.0,253.0,255.0
2025-08-26,254.0,254.0,251.0,253.0
2025-08-27,251.0,253.0,250.0,250.0
2025-08-28,248.0,257.0,248.0,255.0
2025-08-29,255.0,255.0,250.0,251.0
2025-09-01,255.0,255.0,252.0,253.0
2025-09-02,253.0,254.0,253.0,254.0
2025-09-03,253.0,256.0,252.0,255.0
2025-09-04,255.0,256.0,254.0,254.0
2025-09-05,246.0,251.0,244.0,248.0
2025-09-08,248.0,254.0,248.0,254.0
2025-09-09,255.0,273.0,251.0,252.0
2025-09-10,251.0,254.0,251.0,254.0
2025-09-11,252.0,253.0,251.0,252.0
2025-09-12,253.0,253.0,250.0,250.0
2025-09-16,251.0,254.0,250.0,251.0
2025-09-17,250.0,254.0,250.0,253.0
2025-09-18,251.0,252.0,248.0,251.0
2025-09-19,250.0,252.0,250.0,252.0
2025-09-22,252.0,254.0,250.0,250.0
2025-09-24,251.0,251.0,247.0,250.0
2025-09-25,250.0,250.0,246.0,249.0
2025-09-26,243.0,248.0,243.0,248.0
2025-09-29,247.0,250.0,242.0,245.0
2025-09-30,244.0,249.0,244.0,247.0
2025-10-01,248.0,251.0,244.0,251.0
2025-10-02,249.0,250.0,246.0,248.0
2025-10-03,248.0,252.0,235.0,246.0
2025-10-06,245.0,250.0,241.0,246.0
2025-10-07,245.0,248.0,243.0,246.0
2025-10-08,244.0,247.0,244.0,244.0
2025-10-09,244.0,247.0,240.0,247.0
2025-10-10,245.0,251.0,245.0,250.0
2025-10-14,247.0,252.0,243.0,250.0
2025-10-15,248.0,252.0,248.0,251.0
2025-10-16,250.0,250.0,248.0,250.0
2025-10-17,247.0,250.0,246.0,249.0
2025-10-20,249.0,250.0,248.0,249.0
2025-10-21,249.0,250.0,249.0,250.0
2025-10-22,250.0,250.0,245.0,249.0
2025-10-23,248.0,249.0,246.0,249.0
2025-10-24,247.0,250.0,247.0,249.0
2025-10-27,249.0,249.0,247.0,247.0
2025-10-28,247.0,247.0,245.0,246.0
2025-10-29,245.0,246.0,245.0,245.0
2025-10-30,245.0,247.0,244.0,245.0
2025-10-31,245.0,246.0,244.0,246.0
2025-11-04,245.0,246.0,243.0,246.0
2025-11-05,246.0,247.0,237.0,243.0
2025-11-06,247.0,247.0,242.0,244.0
2025-11-07,246.0,246.0,242.0,243.0
2025-11-10,259.0,300.0,250.0,258.0
2025-11-11,256.0,261.0,248.0,254.0
2025-11-12,251.0,259.0,250.0,257.0
2025-11-13,257.0,271.0,257.0,258.0
2025-11-14,258.0,270.0,255.0,269.0
2025-11-17,268.0,268.0,263.0,266.0
2025-11-18,264.0,264.0,258.0,261.0
2025-11-19,255.0,260.0,255.0,259.0
2025-11-20,261.0,263.0,261.0,263.0
2025-11-21,257.0,262.0,257.0,260.0
2025-11-25,261.0,266.0,261.0,266.0
2025-11-26,268.0,270.0,267.0,269.0
2025-11-27,268.0,280.0,268.0,277.0
2025-11-28,275.0,281.0,275.0,279.0
2025-12-01,279.0,279.0,275.0,275.0
2025-12-02,275.0,275.0,266.0,274.0
2025-12-03,269.0,271.0,266.0,266.0
2025-12-04,263.0,268.0,263.0,266.0
2025-12-05,263.0,267.0,261.0,267.0
2025-12-08,268.0,270.0,267.0,269.0
2025-12-09,267.0,267.0,265.0,265.0
2025-12-10,263.0,263.0,260.0,262.0
2025-12-11,261.0,263.0,259.0,260.0
2025-12-12,260.0,267.0,257.0,262.0
2025-12-15,261.0,263.0,252.0,258.0
2025-12-16,258.0,258.0,250.0,253.0
2025-12-17,252.0,254.0,250.0,254.0
2025-12-18,254.0,254.0,253.0,253.0
2025-12-19,255.0,255.0,251.0,252.0
2025-12-22,254.0,254.0,251.0,254.0
2025-12-23,252.0,258.0,252.0,256.0
2025-12-24,257.0,257.0,254.0,254.0
2025-12-25,254.0,254.0,249.0,253.0
2025-12-26,254.0,254.0,251.0,254.0
2025-12-29,254.0,255.0,249.0,255.0
2025-12-30,261.0,261.0,258.0,259.0
2026-01-05,260.0,264.0,258.0,258.0
2026-01-06,258.0,265.0,258.0,260.0
2026-01-07,260.0,260.0,258.0,259.0
2026-01-08,259.0,261.0,259.0,260.0
2026-01-09,261.0,261.0,259.0,261.0
2026-01-13,260.0,260.0,255.0,257.0
2026-01-14,257.0,257.0,256.0,256.0
2026-01-15,256.0,257.0,249.0,252.0
2026-01-16,252.0,258.0,251.0,258.0
2026-01-19,258.0,258.0,255.0,257.0
2026-01-20,256.0,256.0,253.0,255.0
2026-01-21,251.0,252.0,251.0,251.0
2026-01-22,252.0,254.0,252.0,253.0
2026-01-23,254.0,255.0,251.0,255.0
2026-01-26,255.0,255.0,245.0,247.0
2026-01-27,245.0,247.0,245.0,247.0
2026-01-28,245.0,247.0,245.0,245.0
2026-01-29,245.0,245.0,244.0,245.0
2026-01-30,245.0,245.0,242.0,243.0
2026-02-02,243.0,251.0,243.0,247.0
2026-02-03,247.0,250.0,247.0,247.0
2026-02-04,247.0,255.0,247.0,250.0
2026-02-05,252.0,255.0,252.0,255.0
2026-02-06,257.0,265.0,251.0,251.0
2026-02-09,240.0,240.0,220.0,237.0
2026-02-10,237.0,237.0,230.0,234.0
2026-02-12,234.0,239.0,234.0,239.0
2026-02-13,237.0,237.0,234.0,234.0
2026-02-16,236.0,236.0,233.0,233.0
2026-02-17,231.0,234.0,231.0,233.0
2026-02-18,233.0,236.0,233.0,235.0
2026-02-19,237.0,237.0,235.0,236.0
2026-02-20,237.0,237.0,234.0,236.0
2026-02-24,235.0,239.0,235.0,238.0
2026-02-25,238.0,238.0,235.0,237.0
2026-02-26,238.0,238.0,236.0,237.0
2026-02-27,238.0,241.0,229.0,231.0
2026-03-02,231.0,233.0,230.0,233.0
2026-03-03,233.0,233.0,229.0,231.0
2026-03-04,228.0,228.0,225.0,225.0
2026-03-05,228.0,228.0,224.0,227.0
2026-03-06,225.0,232.0,225.0,231.0
2026-03-09,225.0,229.0,222.0,224.0
2026-03-10,228.0,228.0,221.0,222.0
2026-03-11,225.0,226.0,203.0,215.0
2026-03-12,216.0,220.0,213.0,217.0
2026-03-13,216.0,220.0,216.0,219.0
2026-03-16,220.0,220.0,213.0,217.0
2026-03-17,218.0,219.0,216.0,216.0
2026-03-18,216.0,220.0,216.0,219.0
2026-03-19,216.0,221.0,216.0,221.0
2026-03-23,223.0,223.0,217.0,220.0
2026-03-24,220.0,221.0,219.0,220.0
2026-03-25,221.0,223.0,215.0,220.0
2026-03-26,221.0,221.0,218.0,218.0
2026-03-27,218.0,219.0,212.0,218.0
2026-03-30,215.0,215.0,210.0,213.0
2026-03-31,215.0,216.0,213.0,213.0
2026-04-01,216.0,218.0,213.0,215.0
2026-04-02,215.0,215.0,211.0,213.0
2026-04-03,214.0,214.0,211.0,212.0
2026-04-06,213.0,215.0,210.0,215.0
2026-04-07,214.0,216.0,211.0,216.0
2026-04-08,217.0,220.0,217.0,220.0
2026-04-09,220.0,221.0,218.0,221.0
2026-04-10,221.0,221.0,212.0,218.0
2026-04-13,221.0,221.0,217.0,217.0
2026-04-14,217.0,220.0,216.0,217.0
2026-04-15,217.0,220.0,217.0,218.0
2026-04-16,218.0,220.0,215.0,220.0
2026-04-17,221.0,221.0,216.0,219.0
2026-04-20,216.0,219.0,215.0,219.0
2026-04-21,221.0,222.0,219.0,220.0
2026-04-22,221.0,222.0,220.0,222.0
2026-04-23,222.0,223.0,219.0,222.0
2026-04-24,221.0,222.0,220.0,222.0
2026-04-27,222.0,222.0,217.0,222.0
2026-04-28,222.0,223.0,218.0,222.0
2026-04-30,222.0,224.0,220.0,224.0
2026-05-01,223.0,223.0,223.0,223.0
2026-05-07,224.0,224.0,222.0,224.0
2026-05-08,216.0,222.0,215.0,222.0
2026-05-11,217.0,222.0,216.0,221.0
2026-05-12,220.0,221.0,219.0,220.0
2026-05-13,220.0,220.0,219.0,219.0
2026-05-14,219.0,219.0,219.0,219.0
2026-05-15,219.0,219.0,217.0,217.0
2026-05-18,217.0,219.0,217.0,219.0
2026-05-19,221.0,221.0,219.0,220.0
2026-05-20,220.0,220.0,217.0,219.0
2026-05-21,222.0,222.0,217.0,218.0
2026-05-22,220.0,221.0,219.0,220.0
2026-05-25,220.0,220.0,218.0,220.0
2026-05-26,220.0,220.0,217.0,217.0
2026-05-27,218.0,219.0,218.0,218.0
2026-05-28,220.0,220.0,217.0,218.0
2026-05-29,218.0,230.0,216.0,219.0
2026-06-01,217.0,219.0,215.0,218.0
2026-06-02,218.0,219.0,215.0,219.0
2026-06-03,219.0,219.0,216.0,218.0
2026-06-04,217.0,222.0,217.0,217.0
2026-06-05,217.0,221.0,216.0,217.0
2026-06-08,217.0,218.0,216.0,218.0
2026-06-09,218.0,222.0,218.0,220.0
2026-06-10,220.0,220.0,215.0,217.0
2026-06-11,217.0,218.0,212.0,217.0
2026-06-12,217.0,221.0,217.0,218.0
2026-06-15,218.0,218.0,213.0,218.0
2026-06-16,218.0,218.0,216.0,218.0
2026-06-17,216.0,218.0,216.0,217.0
2026-06-18,217.0,220.0,217.0,219.0
2026-06-19,218.0,220.0,218.0,219.0
2026-06-22,218.0,219.0,213.0,215.0
2026-06-23,215.0,218.0,215.0,218.0
2026-06-24,218.0,218.0,218.0,218.0
2026-06-25,218.0,219.0,218.0,219.0
2026-06-26,217.0,218.0,216.0,217.0
2026-06-29,215.0,219.0,215.0,217.0
2026-06-30,217.0,218.0,217.0,218.0
2026-07-01,217.0,218.0,217.0,217.0
2026-07-02,217.0,219.0,216.0,219.0
2026-07-03,217.0,220.0,216.0,216.0
2026-07-06,216.0,217.0,210.0,216.0
2026-07-07,217.0,218.0,217.0,217.0
2026-07-08,216.0,216.0,216.0,216.0
2026-07-09,216.0,217.0,215.0,217.0
2026-07-10,217.0,217.0,217.0,217.0
2026-07-13,218.0,218.0,215.0,215.0
2026-07-14,215.0,216.0,215.0,215.0
2026-07-15,216.0,219.0,216.0,218.0
2026-07-16,218.0,218.0,210.0,216.0
2026-07-17,211.0,216.0,195.0,214.0
2026-07-21,215.0,215.0,210.0,211.0
2026-07-22,211.0,217.0,211.0,216.0
2026-07-23,213.0,217.0,213.0,214.0
2026-07-24,215.0,217.0,213.0,217.0
2026-07-27,218.0,218.0,214.0,216.0
2026-07-28,216.0,216.0,215.0,215.0
2026-07-29,214.0,217.0,214.0,214.0
2026-07-30,214.0,216.0,214.0,216.0
2026-07-31,215.0,218.0,214.0,218.0
