date,open,high,low,close
2021-08-03,1083.0,1163.0,1066.0,1163.0
2021-08-04,1117.0,1130.0,991.0,1010.0
2021-08-05,990.0,1028.0,963.0,990.0
2021-08-06,1017.0,1017.0,950.0,961.0
2021-08-10,961.0,1004.0,955.0,988.0
2021-08-11,985.0,1030.0,971.0,992.0
2021-08-12,1007.0,1013.0,953.0,971.0
2021-08-13,963.0,979.0,951.0,951.0
2021-08-16,930.0,937.0,873.0,901.0
2021-08-17,916.0,916.0,845.0,854.0
2021-08-18,861.0,915.0,853.0,899.0
2021-08-19,891.0,925.0,855.0,858.0
2021-08-20,858.0,872.0,826.0,840.0
2021-08-23,840.0,899.0,840.0,881.0
2021-08-24,940.0,1031.0,896.0,1031.0
2021-08-25,1001.0,1086.0,977.0,1050.0
2021-08-26,1061.0,1135.0,1015.0,1133.0
2021-08-27,1103.0,1132.0,1044.0,1075.0
2021-08-30,1098.0,1144.0,1080.0,1120.0
2021-08-31,1120.0,1120.0,1061.0,1088.0
2021-09-01,1080.0,1085.0,998.0,1035.0
2021-09-02,1011.0,1071.0,926.0,943.0
2021-09-03,969.0,1011.0,962.0,1003.0
2021-09-06,1058.0,1069.0,1008.0,1031.0
2021-09-07,1021.0,1039.0,1001.0,1010.0
2021-09-08,999.0,1014.0,966.0,1012.0
2021-09-09,1014.0,1022.0,992.0,1005.0
2021-09-10,1008.0,1058.0,999.0,1057.0
2021-09-13,1092.0,1229.0,1082.0,1177.0
2021-09-14,1207.0,1244.0,1142.0,1164.0
2021-09-15,984.0,1030.0,945.0,1011.0
2021-09-16,1000.0,1007.0,919.0,930.0
2021-09-17,933.0,971.0,930.0,968.0
2021-09-21,925.0,949.0,914.0,940.0
2021-09-22,948.0,1019.0,938.0,1005.0
2021-09-24,1042.0,1047.0,988.0,1013.0
2021-09-27,1013.0,1030.0,986.0,1018.0
2021-09-28,999.0,1010.0,978.0,987.0
2021-09-29,972.0,993.0,961.0,989.0
2021-09-30,1010.0,1041.0,993.0,1029.0
2021-10-01,1014.0,1036.0,996.0,1020.0
2021-10-04,1020.0,1020.0,974.0,989.0
2021-10-05,976.0,987.0,940.0,975.0
2021-10-06,990.0,1007.0,952.0,965.0
2021-10-07,965.0,993.0,963.0,965.0
2021-10-08,980.0,1004.0,971.0,993.0
2021-10-11,1000.0,1031.0,994.0,1025.0
2021-10-12,1030.0,1030.0,998.0,998.0
2021-10-13,996.0,999.0,971.0,973.0
2021-10-14,983.0,994.0,957.0,958.0
2021-10-15,965.0,995.0,963.0,975.0
2021-10-18,980.0,1002.0,974.0,996.0
2021-10-19,995.0,1031.0,995.0,1020.0
2021-10-20,1022.0,1029.0,995.0,996.0
2021-10-21,996.0,1020.0,989.0,996.0
2021-10-22,1011.0,1032.0,998.0,1008.0
2021-10-25,1008.0,1099.0,1007.0,1084.0
2021-10-26,1080.0,1151.0,1062.0,1151.0
2021-10-27,1156.0,1182.0,1116.0,1149.0
2021-10-28,1147.0,1237.0,1124.0,1193.0
2021-10-29,1219.0,1248.0,1163.0,1227.0
2021-11-01,1257.0,1350.0,1208.0,1244.0
2021-11-02,1219.0,1327.0,1218.0,1295.0
2021-11-04,1292.0,1306.0,1262.0,1279.0
2021-11-05,1274.0,1314.0,1209.0,1211.0
2021-11-08,1214.0,1271.0,1176.0,1231.0
2021-11-09,1202.0,1235.0,1145.0,1162.0
2021-11-10,1161.0,1230.0,1161.0,1220.0
2021-11-11,1205.0,1248.0,1170.0,1188.0
2021-11-12,1195.0,1269.0,1195.0,1256.0
2021-11-15,1260.0,1336.0,1243.0,1327.0
2021-11-16,1335.0,1393.0,1302.0,1384.0
2021-11-17,1420.0,1424.0,1359.0,1382.0
2021-11-18,1381.0,1416.0,1322.0,1411.0
2021-11-19,1426.0,1448.0,1345.0,1381.0
2021-11-22,1381.0,1594.0,1381.0,1581.0
2021-11-24,1590.0,1680.0,1523.0,1633.0
2021-11-25,1628.0,1659.0,1547.0,1566.0
2021-11-26,1551.0,1622.0,1500.0,1570.0
2021-11-29,1490.0,1515.0,1421.0,1455.0
2021-11-30,1455.0,1500.0,1321.0,1330.0
2021-12-01,1360.0,1360.0,1250.0,1300.0
2021-12-02,1293.0,1293.0,1111.0,1152.0
2021-12-03,1163.0,1199.0,1129.0,1157.0
2021-12-06,1127.0,1224.0,1097.0,1195.0
2021-12-07,1234.0,1297.0,1222.0,1288.0
2021-12-08,1342.0,1376.0,1299.0,1315.0
2021-12-09,1309.0,1324.0,1253.0,1271.0
2021-12-10,1255.0,1304.0,1207.0,1214.0
2021-12-13,1240.0,1240.0,1128.0,1175.0
2021-12-14,1176.0,1210.0,1128.0,1144.0
2021-12-15,1084.0,1225.0,1053.0,1185.0
2021-12-16,1220.0,1221.0,1085.0,1090.0
2021-12-17,1060.0,1090.0,1046.0,1046.0
2021-12-20,1040.0,1066.0,1006.0,1029.0
2021-12-21,1049.0,1083.0,1013.0,1031.0
2021-12-22,1054.0,1102.0,1040.0,1081.0
2021-12-23,1085.0,1096.0,1050.0,1071.0
2021-12-24,1101.0,1142.0,1071.0,1075.0
2021-12-27,1105.0,1105.0,1030.0,1054.0
2021-12-28,1078.0,1120.0,1062.0,1079.0
2021-12-29,1065.0,1089.0,1044.0,1048.0
2021-12-30,1041.0,1052.0,1022.0,1035.0
2022-01-04,1033.0,1051.0,1020.0,1028.0
2022-01-05,1038.0,1038.0,943.0,949.0
2022-01-06,949.0,956.0,920.0,938.0
2022-01-07,934.0,949.0,888.0,925.0
2022-01-11,910.0,923.0,883.0,883.0
2022-01-12,898.0,928.0,897.0,911.0
2022-01-13,925.0,925.0,876.0,878.0
2022-01-14,875.0,875.0,826.0,841.0
2022-01-17,850.0,876.0,831.0,833.0
2022-01-18,847.0,856.0,814.0,826.0
2022-01-19,810.0,819.0,764.0,775.0
2022-01-20,765.0,805.0,761.0,796.0
2022-01-21,766.0,785.0,749.0,772.0
2022-01-24,776.0,790.0,749.0,789.0
2022-01-25,789.0,789.0,726.0,732.0
2022-01-26,732.0,773.0,731.0,769.0
2022-01-27,754.0,779.0,703.0,703.0
2022-01-28,710.0,728.0,680.0,696.0
2022-01-31,713.0,752.0,710.0,742.0
2022-02-01,745.0,780.0,727.0,741.0
2022-02-02,756.0,772.0,742.0,768.0
2022-02-03,772.0,772.0,732.0,735.0
2022-02-04,733.0,766.0,724.0,756.0
2022-02-07,751.0,760.0,731.0,737.0
2022-02-08,737.0,756.0,736.0,743.0
2022-02-09,743.0,775.0,743.0,770.0
2022-02-10,764.0,790.0,764.0,778.0
2022-02-14,738.0,750.0,731.0,738.0
2022-02-15,741.0,759.0,722.0,724.0
2022-02-16,756.0,782.0,742.0,770.0
2022-02-17,770.0,804.0,765.0,771.0
2022-02-18,770.0,798.0,741.0,777.0
2022-02-21,762.0,768.0,736.0,764.0
2022-02-22,740.0,789.0,740.0,751.0
2022-02-24,741.0,750.0,700.0,732.0
2022-02-25,737.0,786.0,737.0,786.0
2022-02-28,795.0,835.0,787.0,835.0
2022-03-01,840.0,901.0,838.0,885.0
2022-03-02,870.0,882.0,831.0,846.0
2022-03-03,891.0,891.0,828.0,846.0
2022-03-04,846.0,848.0,790.0,824.0
2022-03-07,794.0,799.0,768.0,786.0
2022-03-08,763.0,802.0,743.0,759.0
2022-03-09,783.0,798.0,756.0,771.0
2022-03-10,800.0,832.0,800.0,832.0
2022-03-11,817.0,825.0,776.0,818.0
2022-03-14,819.0,872.0,819.0,872.0
2022-03-15,894.0,898.0,814.0,831.0
2022-03-16,846.0,981.0,836.0,970.0
2022-03-17,968.0,984.0,928.0,978.0
2022-03-18,981.0,1028.0,960.0,1002.0
2022-03-22,999.0,999.0,946.0,950.0
2022-03-23,955.0,1008.0,944.0,951.0
2022-03-24,936.0,975.0,931.0,971.0
2022-03-25,979.0,987.0,960.0,970.0
2022-03-28,955.0,955.0,922.0,932.0
2022-03-29,920.0,965.0,920.0,945.0
2022-03-30,958.0,990.0,943.0,985.0
2022-03-31,985.0,1033.0,961.0,1016.0
2022-04-01,995.0,1012.0,960.0,995.0
2022-04-04,1002.0,1058.0,1002.0,1025.0
2022-04-05,1045.0,1049.0,991.0,1025.0
2022-04-06,1005.0,1016.0,980.0,991.0
2022-04-07,976.0,982.0,935.0,942.0
2022-04-08,946.0,980.0,946.0,973.0
2022-04-11,970.0,970.0,901.0,930.0
2022-04-12,915.0,919.0,875.0,893.0
2022-04-13,894.0,965.0,891.0,965.0
2022-04-14,950.0,964.0,928.0,936.0
2022-04-15,923.0,923.0,886.0,899.0
2022-04-18,884.0,898.0,844.0,851.0
2022-04-19,856.0,860.0,828.0,845.0
2022-04-20,857.0,860.0,813.0,815.0
2022-04-21,800.0,819.0,786.0,801.0
2022-04-22,792.0,810.0,782.0,805.0
2022-04-25,791.0,809.0,785.0,795.0
2022-04-26,815.0,815.0,795.0,802.0
2022-04-27,777.0,816.0,762.0,792.0
2022-04-28,792.0,803.0,782.0,795.0
2022-05-02,780.0,799.0,780.0,786.0
2022-05-06,786.0,805.0,776.0,805.0
2022-05-09,812.0,812.0,780.0,784.0
2022-05-10,780.0,820.0,772.0,820.0
2022-05-11,819.0,842.0,800.0,839.0
2022-05-12,821.0,822.0,790.0,799.0
2022-05-13,804.0,835.0,792.0,835.0
2022-05-16,855.0,855.0,811.0,831.0
2022-05-17,836.0,837.0,805.0,809.0
2022-05-18,819.0,844.0,814.0,842.0
2022-05-19,812.0,834.0,810.0,820.0
2022-05-20,821.0,835.0,817.0,833.0
2022-05-23,839.0,902.0,837.0,894.0
2022-05-24,895.0,901.0,860.0,896.0
2022-05-25,908.0,954.0,896.0,934.0
2022-05-26,943.0,943.0,914.0,920.0
2022-05-27,922.0,925.0,885.0,898.0
2022-05-30,914.0,994.0,914.0,972.0
2022-05-31,957.0,972.0,905.0,905.0
2022-06-01,924.0,930.0,920.0,929.0
2022-06-02,924.0,929.0,903.0,905.0
2022-06-03,912.0,924.0,889.0,906.0
2022-06-06,909.0,940.0,902.0,932.0
2022-06-07,932.0,932.0,915.0,917.0
2022-06-08,911.0,913.0,866.0,873.0
2022-06-09,873.0,903.0,867.0,903.0
2022-06-10,889.0,903.0,867.0,900.0
2022-06-13,875.0,880.0,862.0,868.0
2022-06-14,865.0,917.0,848.0,917.0
2022-06-15,887.0,887.0,832.0,836.0
2022-06-16,835.0,853.0,820.0,820.0
2022-06-17,790.0,810.0,768.0,780.0
2022-06-20,782.0,792.0,728.0,740.0
2022-06-21,754.0,782.0,739.0,759.0
2022-06-22,772.0,789.0,744.0,745.0
2022-06-23,738.0,770.0,738.0,761.0
2022-06-24,773.0,800.0,767.0,788.0
2022-06-27,810.0,810.0,784.0,784.0
2022-06-28,779.0,796.0,775.0,784.0
2022-06-29,780.0,806.0,767.0,795.0
2022-06-30,799.0,809.0,783.0,787.0
2022-07-01,787.0,803.0,769.0,794.0
2022-07-04,804.0,818.0,791.0,803.0
2022-07-05,815.0,843.0,806.0,812.0
2022-07-06,800.0,829.0,795.0,821.0
2022-07-07,820.0,850.0,814.0,847.0
2022-07-08,843.0,860.0,827.0,843.0
2022-07-11,843.0,852.0,833.0,849.0
2022-07-12,851.0,851.0,826.0,835.0
2022-07-13,830.0,831.0,821.0,821.0
2022-07-14,811.0,841.0,809.0,837.0
2022-07-15,840.0,847.0,821.0,824.0
2022-07-19,854.0,904.0,837.0,888.0
2022-07-20,889.0,899.0,870.0,898.0
2022-07-21,899.0,901.0,881.0,897.0
2022-07-22,903.0,907.0,881.0,894.0
2022-07-25,879.0,900.0,872.0,900.0
2022-07-26,902.0,913.0,888.0,901.0
2022-07-27,890.0,890.0,867.0,879.0
2022-07-28,879.0,900.0,871.0,900.0
2022-07-29,900.0,902.0,885.0,887.0
2022-08-01,898.0,904.0,883.0,902.0
2022-08-02,897.0,902.0,884.0,902.0
2022-08-03,900.0,900.0,880.0,889.0
2022-08-04,894.0,909.0,881.0,900.0
2022-08-05,895.0,905.0,891.0,891.0
2022-08-08,891.0,891.0,858.0,885.0
2022-08-09,885.0,888.0,861.0,868.0
2022-08-10,860.0,860.0,838.0,851.0
2022-08-12,880.0,885.0,852.0,852.0
2022-08-15,867.0,882.0,854.0,860.0
2022-08-16,860.0,897.0,860.0,884.0
2022-08-17,890.0,900.0,872.0,884.0
2022-08-18,878.0,923.0,866.0,920.0
2022-08-19,920.0,925.0,895.0,913.0
2022-08-22,913.0,922.0,899.0,916.0
2022-08-23,904.0,920.0,890.0,912.0
2022-08-24,907.0,925.0,901.0,915.0
2022-08-25,915.0,916.0,903.0,910.0
2022-08-26,915.0,920.0,899.0,911.0
2022-08-29,878.0,911.0,870.0,911.0
2022-08-30,897.0,912.0,883.0,907.0
2022-08-31,904.0,914.0,895.0,914.0
2022-09-01,897.0,903.0,891.0,891.0
2022-09-02,893.0,912.0,890.0,899.0
2022-09-05,892.0,908.0,892.0,901.0
2022-09-06,893.0,914.0,893.0,914.0
2022-09-07,914.0,914.0,885.0,906.0
2022-09-08,891.0,900.0,876.0,880.0
2022-09-09,899.0,901.0,884.0,900.0
2022-09-12,915.0,919.0,885.0,892.0
2022-09-13,906.0,908.0,886.0,894.0
2022-09-14,879.0,920.0,860.0,906.0
2022-09-15,809.0,816.0,767.0,770.0
2022-09-16,770.0,770.0,720.0,726.0
2022-09-20,724.0,746.0,703.0,716.0
2022-09-21,705.0,705.0,688.0,700.0
2022-09-22,690.0,718.0,690.0,717.0
2022-09-26,702.0,706.0,688.0,698.0
2022-09-27,698.0,713.0,690.0,690.0
2022-09-28,691.0,700.0,659.0,673.0
2022-09-29,676.0,691.0,665.0,680.0
2022-09-30,670.0,702.0,670.0,692.0
2022-10-03,682.0,686.0,660.0,677.0
2022-10-04,684.0,695.0,680.0,694.0
2022-10-05,694.0,694.0,678.0,678.0
2022-10-06,678.0,687.0,675.0,682.0
2022-10-07,669.0,678.0,661.0,665.0
2022-10-11,675.0,675.0,650.0,652.0
2022-10-12,652.0,652.0,629.0,634.0
2022-10-13,627.0,627.0,611.0,614.0
2022-10-14,619.0,636.0,616.0,635.0
2022-10-17,634.0,643.0,629.0,642.0
2022-10-18,635.0,655.0,635.0,652.0
2022-10-19,656.0,673.0,656.0,664.0
2022-10-20,664.0,664.0,648.0,654.0
2022-10-21,654.0,663.0,639.0,639.0
2022-10-24,646.0,656.0,631.0,638.0
2022-10-25,647.0,656.0,637.0,641.0
2022-10-26,649.0,659.0,646.0,652.0
2022-10-27,650.0,659.0,649.0,652.0
2022-10-28,650.0,650.0,624.0,625.0
2022-10-31,625.0,636.0,618.0,621.0
2022-11-01,618.0,631.0,618.0,628.0
2022-11-02,624.0,629.0,622.0,622.0
2022-11-04,621.0,625.0,619.0,623.0
2022-11-07,622.0,630.0,621.0,628.0
2022-11-08,628.0,658.0,628.0,650.0
2022-11-09,643.0,673.0,643.0,672.0
2022-11-10,669.0,669.0,644.0,644.0
2022-11-11,646.0,655.0,642.0,649.0
2022-11-14,650.0,653.0,633.0,635.0
2022-11-15,642.0,658.0,636.0,648.0
2022-11-16,639.0,649.0,638.0,644.0
2022-11-17,644.0,655.0,644.0,655.0
2022-11-18,655.0,655.0,644.0,654.0
2022-11-21,656.0,720.0,656.0,706.0
2022-11-22,674.0,689.0,672.0,680.0
2022-11-24,690.0,691.0,681.0,681.0
2022-11-25,681.0,681.0,675.0,679.0
2022-11-28,683.0,684.0,671.0,678.0
2022-11-29,675.0,676.0,667.0,675.0
2022-11-30,669.0,674.0,653.0,662.0
2022-12-01,666.0,674.0,660.0,663.0
2022-12-02,663.0,675.0,662.0,665.0
2022-12-05,665.0,665.0,656.0,659.0
2022-12-06,653.0,662.0,647.0,648.0
2022-12-07,648.0,673.0,641.0,664.0
2022-12-08,655.0,672.0,655.0,667.0
2022-12-09,677.0,683.0,670.0,672.0
2022-12-12,672.0,680.0,661.0,672.0
2022-12-13,666.0,682.0,666.0,682.0
2022-12-14,679.0,684.0,665.0,682.0
2022-12-15,582.0,582.0,582.0,582.0
2022-12-16,532.0,533.0,516.0,516.0
2022-12-19,496.0,520.0,493.0,500.0
2022-12-20,496.0,499.0,461.0,479.0
2022-12-21,487.0,487.0,453.0,460.0
2022-12-22,453.0,456.0,440.0,453.0
2022-12-23,452.0,476.0,447.0,469.0
2022-12-26,477.0,478.0,468.0,468.0
2022-12-27,467.0,535.0,461.0,504.0
2022-12-28,500.0,500.0,484.0,486.0
2022-12-29,486.0,513.0,486.0,488.0
2022-12-30,504.0,520.0,494.0,520.0
2023-01-04,519.0,519.0,486.0,488.0
2023-01-05,490.0,492.0,471.0,479.0
2023-01-06,479.0,513.0,478.0,513.0
2023-01-10,519.0,519.0,487.0,487.0
2023-01-11,488.0,490.0,485.0,485.0
2023-01-12,485.0,497.0,483.0,490.0
2023-01-13,494.0,494.0,479.0,482.0
2023-01-16,482.0,482.0,454.0,465.0
2023-01-17,460.0,465.0,454.0,464.0
2023-01-18,464.0,475.0,464.0,475.0
2023-01-19,461.0,469.0,446.0,457.0
2023-01-20,459.0,462.0,457.0,460.0
2023-01-23,469.0,471.0,462.0,471.0
2023-01-24,473.0,475.0,466.0,468.0
2023-01-25,468.0,485.0,468.0,478.0
2023-01-26,473.0,480.0,473.0,475.0
2023-01-27,478.0,478.0,464.0,464.0
2023-01-30,468.0,470.0,460.0,462.0
2023-01-31,470.0,471.0,462.0,468.0
2023-02-01,473.0,473.0,456.0,456.0
2023-02-02,458.0,460.0,456.0,460.0
2023-02-03,457.0,457.0,451.0,456.0
2023-02-06,453.0,455.0,451.0,453.0
2023-02-07,452.0,461.0,452.0,461.0
2023-02-08,461.0,464.0,459.0,463.0
2023-02-09,465.0,472.0,463.0,465.0
2023-02-10,465.0,465.0,455.0,456.0
2023-02-13,457.0,457.0,454.0,457.0
2023-02-14,459.0,460.0,456.0,456.0
2023-02-15,455.0,455.0,445.0,451.0
2023-02-16,451.0,462.0,449.0,462.0
2023-02-17,457.0,464.0,451.0,462.0
2023-02-20,467.0,482.0,461.0,482.0
2023-02-21,466.0,482.0,466.0,476.0
2023-02-22,477.0,477.0,469.0,469.0
2023-02-24,466.0,466.0,461.0,461.0
2023-02-27,460.0,465.0,460.0,461.0
2023-02-28,461.0,461.0,458.0,461.0
2023-03-01,466.0,467.0,460.0,464.0
2023-03-02,462.0,462.0,458.0,458.0
2023-03-03,458.0,460.0,457.0,460.0
2023-03-06,465.0,470.0,460.0,470.0
2023-03-07,471.0,488.0,465.0,488.0
2023-03-08,490.0,507.0,489.0,495.0
2023-03-09,498.0,498.0,479.0,486.0
2023-03-10,494.0,494.0,477.0,480.0
2023-03-13,476.0,476.0,461.0,465.0
2023-03-14,465.0,470.0,453.0,455.0
2023-03-15,455.0,458.0,441.0,445.0
2023-03-16,441.0,441.0,434.0,436.0
2023-03-17,436.0,446.0,436.0,441.0
2023-03-20,433.0,445.0,433.0,440.0
2023-03-22,438.0,443.0,438.0,441.0
2023-03-23,443.0,444.0,437.0,444.0
2023-03-24,440.0,447.0,440.0,443.0
2023-03-27,441.0,445.0,441.0,442.0
2023-03-28,446.0,447.0,433.0,436.0
2023-03-29,438.0,447.0,437.0,440.0
2023-03-30,438.0,448.0,438.0,448.0
2023-03-31,448.0,463.0,443.0,456.0
2023-04-03,456.0,479.0,456.0,470.0
2023-04-04,470.0,484.0,469.0,483.0
2023-04-05,475.0,479.0,462.0,479.0
2023-04-06,480.0,480.0,457.0,479.0
2023-04-07,478.0,478.0,464.0,465.0
2023-04-10,465.0,471.0,465.0,471.0
2023-04-11,467.0,474.0,465.0,466.0
2023-04-12,464.0,464.0,461.0,461.0
2023-04-13,461.0,463.0,460.0,461.0
2023-04-14,464.0,464.0,456.0,459.0
2023-04-17,459.0,459.0,448.0,449.0
2023-04-18,448.0,450.0,448.0,448.0
2023-04-19,447.0,448.0,441.0,442.0
2023-04-20,440.0,445.0,438.0,440.0
2023-04-21,442.0,442.0,434.0,442.0
2023-04-24,437.0,439.0,430.0,438.0
2023-04-25,438.0,439.0,433.0,436.0
2023-04-26,436.0,437.0,435.0,435.0
2023-04-27,435.0,439.0,433.0,439.0
2023-04-28,434.0,437.0,434.0,437.0
2023-05-01,438.0,443.0,436.0,443.0
2023-05-02,442.0,442.0,437.0,437.0
2023-05-08,439.0,439.0,437.0,437.0
2023-05-09,438.0,442.0,438.0,442.0
2023-05-10,442.0,442.0,438.0,440.0
2023-05-11,438.0,441.0,438.0,440.0
2023-05-12,446.0,446.0,440.0,441.0
2023-05-15,441.0,442.0,436.0,439.0
2023-05-16,438.0,442.0,436.0,439.0
2023-05-17,440.0,446.0,438.0,446.0
2023-05-18,441.0,445.0,439.0,445.0
2023-05-19,441.0,448.0,438.0,441.0
2023-05-22,438.0,445.0,438.0,440.0
2023-05-23,447.0,447.0,442.0,442.0
2023-05-24,438.0,447.0,438.0,445.0
2023-05-25,445.0,462.0,445.0,462.0
2023-05-26,462.0,474.0,462.0,466.0
2023-05-29,474.0,474.0,463.0,466.0
2023-05-30,463.0,465.0,459.0,465.0
2023-05-31,471.0,471.0,463.0,463.0
2023-06-01,462.0,466.0,462.0,466.0
2023-06-02,470.0,471.0,466.0,471.0
2023-06-05,471.0,489.0,471.0,488.0
2023-06-06,488.0,489.0,479.0,479.0
2023-06-07,483.0,491.0,476.0,491.0
2023-06-08,491.0,505.0,490.0,494.0
2023-06-09,496.0,496.0,480.0,492.0
2023-06-12,499.0,499.0,478.0,491.0
2023-06-13,495.0,501.0,480.0,499.0
2023-06-14,491.0,495.0,473.0,473.0
2023-06-15,449.0,462.0,449.0,452.0
2023-06-16,445.0,458.0,445.0,454.0
2023-06-19,452.0,469.0,441.0,458.0
2023-06-20,453.0,459.0,450.0,454.0
2023-06-21,451.0,457.0,451.0,454.0
2023-06-22,456.0,470.0,452.0,470.0
2023-06-23,462.0,469.0,456.0,463.0
2023-06-26,463.0,543.0,463.0,513.0
2023-06-27,510.0,529.0,489.0,508.0
2023-06-28,501.0,520.0,489.0,519.0
2023-06-29,511.0,516.0,488.0,513.0
2023-06-30,513.0,515.0,504.0,504.0
2023-07-03,503.0,518.0,503.0,509.0
2023-07-04,509.0,509.0,491.0,505.0
2023-07-05,500.0,501.0,492.0,497.0
2023-07-06,491.0,495.0,470.0,490.0
2023-07-07,489.0,495.0,480.0,485.0
2023-07-10,493.0,493.0,481.0,486.0
2023-07-11,502.0,502.0,480.0,490.0
2023-07-12,501.0,501.0,482.0,484.0
2023-07-13,487.0,496.0,484.0,490.0
2023-07-14,483.0,487.0,483.0,487.0
2023-07-18,493.0,493.0,485.0,488.0
2023-07-19,485.0,490.0,484.0,484.0
2023-07-20,476.0,489.0,476.0,480.0
2023-07-21,480.0,487.0,474.0,477.0
2023-07-24,493.0,493.0,479.0,491.0
2023-07-25,487.0,490.0,486.0,486.0
2023-07-26,493.0,493.0,484.0,492.0
2023-07-27,486.0,493.0,479.0,481.0
2023-07-28,481.0,481.0,470.0,476.0
2023-07-31,476.0,476.0,461.0,470.0
2023-08-01,467.0,470.0,463.0,470.0
2023-08-02,469.0,471.0,463.0,463.0
2023-08-03,471.0,471.0,466.0,466.0
2023-08-04,464.0,464.0,458.0,459.0
2023-08-07,467.0,467.0,465.0,465.0
2023-08-08,470.0,476.0,469.0,473.0
2023-08-09,465.0,467.0,463.0,465.0
2023-08-10,469.0,469.0,461.0,462.0
2023-08-14,460.0,461.0,452.0,452.0
2023-08-15,452.0,454.0,444.0,446.0
2023-08-16,448.0,463.0,447.0,460.0
2023-08-17,457.0,459.0,441.0,450.0
2023-08-18,452.0,476.0,452.0,471.0
2023-08-21,466.0,490.0,466.0,475.0
2023-08-22,487.0,544.0,485.0,520.0
2023-08-23,517.0,517.0,493.0,508.0
2023-08-24,517.0,534.0,487.0,500.0
2023-08-25,487.0,510.0,487.0,499.0
2023-08-28,497.0,509.0,497.0,502.0
2023-08-29,497.0,505.0,489.0,496.0
2023-08-30,498.0,508.0,493.0,496.0
2023-08-31,494.0,504.0,491.0,491.0
2023-09-01,491.0,498.0,490.0,493.0
2023-09-04,490.0,507.0,486.0,501.0
2023-09-05,505.0,505.0,499.0,501.0
2023-09-06,501.0,501.0,491.0,497.0
2023-09-07,494.0,505.0,488.0,495.0
2023-09-08,492.0,503.0,490.0,491.0
2023-09-11,491.0,507.0,487.0,506.0
2023-09-12,506.0,508.0,499.0,507.0
2023-09-13,502.0,519.0,501.0,513.0
2023-09-14,514.0,525.0,497.0,501.0
2023-09-15,491.0,495.0,455.0,471.0
2023-09-19,470.0,470.0,455.0,461.0
2023-09-20,459.0,462.0,459.0,462.0
2023-09-21,466.0,466.0,454.0,456.0
2023-09-22,456.0,460.0,452.0,460.0
2023-09-25,456.0,463.0,456.0,462.0
2023-09-26,463.0,466.0,460.0,465.0
2023-09-27,465.0,493.0,465.0,477.0
2023-09-28,470.0,480.0,469.0,470.0
2023-09-29,464.0,478.0,461.0,475.0
2023-10-02,475.0,475.0,469.0,469.0
2023-10-03,461.0,471.0,455.0,455.0
2023-10-04,452.0,455.0,446.0,446.0
2023-10-05,445.0,455.0,445.0,455.0
2023-10-06,454.0,459.0,453.0,456.0
2023-10-10,456.0,456.0,448.0,456.0
2023-10-11,456.0,461.0,454.0,461.0
2023-10-12,462.0,465.0,461.0,465.0
2023-10-13,465.0,470.0,465.0,470.0
2023-10-16,465.0,466.0,458.0,462.0
2023-10-17,469.0,469.0,456.0,456.0
2023-10-18,453.0,462.0,453.0,461.0
2023-10-19,458.0,458.0,453.0,457.0
2023-10-20,453.0,453.0,450.0,451.0
2023-10-23,446.0,446.0,404.0,419.0
2023-10-24,411.0,424.0,408.0,415.0
2023-10-25,423.0,423.0,406.0,413.0
2023-10-26,426.0,430.0,416.0,427.0
2023-10-27,430.0,430.0,412.0,420.0
2023-10-30,415.0,423.0,415.0,417.0
2023-10-31,415.0,416.0,414.0,415.0
2023-11-01,417.0,423.0,416.0,417.0
2023-11-02,417.0,419.0,414.0,418.0
2023-11-06,420.0,427.0,413.0,421.0
2023-11-07,416.0,416.0,416.0,416.0
2023-11-08,416.0,421.0,416.0,421.0
2023-11-09,421.0,421.0,418.0,418.0
2023-11-10,415.0,417.0,415.0,417.0
2023-11-13,415.0,417.0,414.0,417.0
2023-11-14,416.0,420.0,416.0,420.0
2023-11-15,420.0,421.0,401.0,418.0
2023-11-16,412.0,414.0,403.0,411.0
2023-11-17,411.0,411.0,401.0,407.0
2023-11-20,405.0,407.0,405.0,405.0
2023-11-21,408.0,410.0,408.0,410.0
2023-11-22,406.0,408.0,397.0,404.0
2023-11-24,402.0,402.0,398.0,399.0
2023-11-27,410.0,410.0,408.0,408.0
2023-11-28,408.0,408.0,402.0,405.0
2023-11-29,405.0,408.0,400.0,408.0
2023-11-30,401.0,404.0,401.0,404.0
2023-12-01,400.0,400.0,399.0,399.0
2023-12-04,402.0,404.0,398.0,399.0
2023-12-05,399.0,407.0,399.0,407.0
2023-12-06,405.0,405.0,395.0,399.0
2023-12-07,399.0,400.0,398.0,399.0
2023-12-08,399.0,399.0,390.0,392.0
2023-12-11,396.0,401.0,395.0,396.0
2023-12-12,396.0,401.0,392.0,393.0
2023-12-13,393.0,397.0,392.0,397.0
2023-12-14,400.0,400.0,393.0,394.0
2023-12-15,474.0,474.0,474.0,474.0
2023-12-18,490.0,540.0,451.0,493.0
2023-12-19,492.0,508.0,466.0,492.0
2023-12-20,520.0,520.0,473.0,479.0
2023-12-21,465.0,481.0,461.0,481.0
2023-12-22,497.0,497.0,480.0,484.0
2023-12-25,484.0,494.0,452.0,466.0
2023-12-26,471.0,471.0,459.0,459.0
2023-12-27,455.0,471.0,452.0,454.0
2023-12-28,456.0,465.0,455.0,465.0
2023-12-29,468.0,468.0,455.0,459.0
2024-01-04,457.0,485.0,457.0,475.0
2024-01-05,473.0,475.0,468.0,470.0
2024-01-09,469.0,470.0,457.0,465.0
2024-01-10,470.0,483.0,464.0,475.0
2024-01-11,481.0,481.0,470.0,470.0
2024-01-12,469.0,469.0,462.0,463.0
2024-01-15,471.0,471.0,463.0,463.0
2024-01-16,471.0,471.0,463.0,465.0
2024-01-17,470.0,470.0,461.0,465.0
2024-01-18,463.0,471.0,463.0,471.0
2024-01-19,471.0,472.0,464.0,469.0
2024-01-22,469.0,496.0,469.0,486.0
2024-01-23,485.0,535.0,483.0,516.0
2024-01-24,508.0,535.0,502.0,525.0
2024-01-25,535.0,540.0,498.0,505.0
2024-01-26,515.0,515.0,485.0,494.0
2024-01-29,494.0,505.0,494.0,504.0
2024-01-30,502.0,506.0,489.0,506.0
2024-01-31,500.0,606.0,494.0,579.0
2024-02-01,597.0,630.0,536.0,540.0
2024-02-02,570.0,640.0,543.0,640.0
2024-02-05,740.0,740.0,627.0,637.0
2024-02-06,647.0,737.0,611.0,737.0
2024-02-07,887.0,887.0,887.0,887.0
2024-02-08,767.0,791.0,737.0,737.0
2024-02-09,700.0,722.0,651.0,656.0
2024-02-13,660.0,674.0,631.0,670.0
2024-02-14,663.0,740.0,642.0,644.0
2024-02-15,654.0,663.0,620.0,625.0
2024-02-16,625.0,643.0,616.0,623.0
2024-02-19,623.0,653.0,618.0,649.0
2024-02-20,651.0,687.0,645.0,651.0
2024-02-21,645.0,645.0,626.0,631.0
2024-02-22,640.0,648.0,628.0,648.0
2024-02-26,658.0,697.0,655.0,678.0
2024-02-27,688.0,755.0,661.0,726.0
2024-02-28,715.0,736.0,690.0,691.0
2024-02-29,725.0,748.0,710.0,735.0
2024-03-01,762.0,777.0,699.0,713.0
2024-03-04,715.0,729.0,698.0,715.0
2024-03-05,718.0,736.0,699.0,736.0
2024-03-06,735.0,762.0,720.0,747.0
2024-03-07,777.0,785.0,726.0,735.0
2024-03-08,722.0,740.0,708.0,708.0
2024-03-11,684.0,689.0,654.0,654.0
2024-03-12,647.0,701.0,645.0,701.0
2024-03-13,711.0,725.0,696.0,714.0
2024-03-14,720.0,780.0,700.0,757.0
2024-03-15,832.0,907.0,810.0,907.0
2024-03-18,935.0,989.0,905.0,949.0
2024-03-19,959.0,1004.0,900.0,928.0
2024-03-21,987.0,1034.0,946.0,973.0
2024-03-22,963.0,982.0,932.0,958.0
2024-03-25,959.0,989.0,936.0,942.0
2024-03-26,931.0,939.0,895.0,909.0
2024-03-27,900.0,907.0,866.0,867.0
2024-03-28,912.0,933.0,871.0,875.0
2024-03-29,900.0,920.0,888.0,898.0
2024-04-01,958.0,961.0,911.0,916.0
2024-04-02,901.0,916.0,846.0,852.0
2024-04-03,838.0,850.0,818.0,818.0
2024-04-04,818.0,835.0,785.0,800.0
2024-04-05,776.0,802.0,755.0,772.0
2024-04-08,775.0,788.0,760.0,763.0
2024-04-09,762.0,794.0,762.0,783.0
2024-04-10,781.0,789.0,771.0,777.0
2024-04-11,763.0,771.0,742.0,753.0
2024-04-12,768.0,768.0,754.0,760.0
2024-04-15,750.0,750.0,718.0,738.0
2024-04-16,724.0,738.0,718.0,724.0
2024-04-17,716.0,744.0,708.0,735.0
2024-04-18,735.0,782.0,730.0,767.0
2024-04-19,755.0,765.0,708.0,729.0
2024-04-22,735.0,742.0,721.0,731.0
2024-04-23,741.0,789.0,740.0,776.0
2024-04-24,795.0,800.0,770.0,770.0
2024-04-25,767.0,774.0,735.0,740.0
2024-04-26,755.0,755.0,732.0,746.0
2024-04-30,755.0,782.0,755.0,774.0
2024-05-01,771.0,776.0,756.0,768.0
2024-05-02,768.0,785.0,764.0,771.0
2024-05-07,786.0,806.0,786.0,798.0
2024-05-08,798.0,838.0,798.0,810.0
2024-05-09,825.0,825.0,785.0,815.0
2024-05-10,819.0,820.0,786.0,800.0
2024-05-13,800.0,836.0,800.0,832.0
2024-05-14,837.0,838.0,821.0,821.0
2024-05-15,830.0,830.0,791.0,802.0
2024-05-16,810.0,825.0,796.0,813.0
2024-05-17,810.0,810.0,782.0,801.0
2024-05-20,797.0,828.0,790.0,814.0
2024-05-21,824.0,860.0,811.0,830.0
2024-05-22,821.0,821.0,795.0,795.0
2024-05-23,818.0,857.0,800.0,857.0
2024-05-24,849.0,855.0,826.0,841.0
2024-05-27,850.0,864.0,820.0,839.0
2024-05-28,841.0,900.0,841.0,890.0
2024-05-29,910.0,915.0,887.0,900.0
2024-05-30,890.0,890.0,842.0,860.0
2024-05-31,853.0,918.0,853.0,897.0
2024-06-03,927.0,942.0,880.0,893.0
2024-06-04,880.0,929.0,880.0,918.0
2024-06-05,911.0,920.0,897.0,900.0
2024-06-06,904.0,927.0,901.0,912.0
2024-06-07,915.0,923.0,890.0,890.0
2024-06-10,900.0,900.0,876.0,877.0
2024-06-11,875.0,890.0,872.0,878.0
2024-06-12,872.0,887.0,838.0,838.0
2024-06-13,857.0,876.0,854.0,863.0
2024-06-14,860.0,878.0,827.0,827.0
2024-06-17,737.0,759.0,704.0,719.0
2024-06-18,713.0,724.0,703.0,703.0
2024-06-19,703.0,722.0,703.0,710.0
2024-06-20,711.0,719.0,707.0,713.0
2024-06-21,712.0,720.0,697.0,699.0
2024-06-24,698.0,698.0,678.0,685.0
2024-06-25,683.0,698.0,683.0,687.0
2024-06-26,691.0,711.0,690.0,707.0
2024-06-27,707.0,707.0,681.0,684.0
2024-06-28,689.0,689.0,678.0,679.0
2024-07-01,682.0,682.0,631.0,646.0
2024-07-02,645.0,652.0,623.0,632.0
2024-07-03,652.0,652.0,635.0,644.0
2024-07-04,652.0,655.0,638.0,638.0
2024-07-05,633.0,642.0,633.0,635.0
2024-07-08,644.0,644.0,635.0,637.0
2024-07-09,629.0,637.0,623.0,636.0
2024-07-10,636.0,636.0,615.0,620.0
2024-07-11,620.0,634.0,610.0,627.0
2024-07-12,617.0,650.0,617.0,645.0
2024-07-16,649.0,654.0,639.0,647.0
2024-07-17,647.0,664.0,647.0,655.0
2024-07-18,652.0,655.0,637.0,650.0
2024-07-19,650.0,650.0,632.0,637.0
2024-07-22,647.0,647.0,625.0,637.0
2024-07-23,633.0,642.0,627.0,637.0
2024-07-24,637.0,637.0,612.0,612.0
2024-07-25,597.0,597.0,570.0,585.0
2024-07-26,604.0,604.0,585.0,586.0
2024-07-29,591.0,609.0,591.0,604.0
2024-07-30,598.0,598.0,581.0,598.0
2024-07-31,586.0,586.0,560.0,570.0
2024-08-01,562.0,565.0,528.0,528.0
2024-08-02,482.0,509.0,482.0,483.0
2024-08-05,451.0,466.0,403.0,404.0
2024-08-06,444.0,468.0,425.0,447.0
2024-08-07,423.0,499.0,423.0,478.0
2024-08-08,462.0,483.0,462.0,479.0
2024-08-09,479.0,486.0,464.0,484.0
2024-08-13,495.0,540.0,495.0,530.0
2024-08-14,520.0,548.0,520.0,540.0
2024-08-15,550.0,561.0,541.0,557.0
2024-08-16,563.0,579.0,563.0,575.0
2024-08-19,565.0,587.0,565.0,573.0
2024-08-20,583.0,583.0,560.0,577.0
2024-08-21,577.0,580.0,560.0,577.0
2024-08-22,584.0,584.0,568.0,575.0
2024-08-23,577.0,581.0,572.0,581.0
2024-08-26,590.0,615.0,588.0,615.0
2024-08-27,615.0,645.0,605.0,633.0
2024-08-28,637.0,637.0,622.0,635.0
2024-08-29,615.0,639.0,608.0,626.0
2024-08-30,626.0,640.0,616.0,640.0
2024-09-02,640.0,640.0,621.0,624.0
2024-09-03,624.0,624.0,601.0,611.0
2024-09-04,594.0,607.0,591.0,601.0
2024-09-05,600.0,613.0,590.0,608.0
2024-09-06,615.0,620.0,603.0,610.0
2024-09-09,590.0,609.0,568.0,609.0
2024-09-10,619.0,622.0,606.0,615.0
2024-09-11,610.0,618.0,601.0,608.0
2024-09-12,624.0,635.0,618.0,635.0
2024-09-13,642.0,655.0,629.0,654.0
2024-09-17,554.0,554.0,554.0,554.0
2024-09-18,524.0,530.0,499.0,517.0
2024-09-19,517.0,525.0,504.0,511.0
2024-09-20,509.0,511.0,486.0,495.0
2024-09-24,503.0,506.0,483.0,494.0
2024-09-25,494.0,501.0,486.0,486.0
2024-09-26,494.0,494.0,460.0,468.0
2024-09-27,473.0,473.0,460.0,463.0
2024-09-30,459.0,465.0,450.0,456.0
2024-10-01,464.0,483.0,461.0,483.0
2024-10-02,479.0,494.0,462.0,465.0
2024-10-03,471.0,476.0,465.0,467.0
2024-10-04,467.0,469.0,464.0,466.0
2024-10-07,466.0,471.0,462.0,464.0
2024-10-08,467.0,468.0,459.0,463.0
2024-10-09,462.0,471.0,458.0,464.0
2024-10-10,469.0,470.0,459.0,461.0
2024-10-11,468.0,480.0,464.0,480.0
2024-10-15,486.0,489.0,477.0,484.0
2024-10-16,477.0,479.0,474.0,474.0
2024-10-17,474.0,476.0,470.0,476.0
2024-10-18,474.0,474.0,464.0,464.0
2024-10-21,463.0,473.0,463.0,467.0
2024-10-22,464.0,469.0,461.0,469.0
2024-10-23,466.0,466.0,455.0,456.0
2024-10-24,460.0,460.0,451.0,458.0
2024-10-25,457.0,458.0,447.0,452.0
2024-10-28,468.0,468.0,460.0,466.0
2024-10-29,466.0,468.0,461.0,468.0
2024-10-30,465.0,466.0,460.0,463.0
2024-10-31,463.0,468.0,462.0,467.0
2024-11-01,467.0,470.0,463.0,468.0
2024-11-05,470.0,474.0,465.0,471.0
2024-11-06,474.0,475.0,469.0,473.0
2024-11-07,476.0,476.0,466.0,472.0
2024-11-08,472.0,472.0,454.0,460.0
2024-11-11,468.0,469.0,458.0,465.0
2024-11-12,463.0,467.0,460.0,460.0
2024-11-13,460.0,464.0,455.0,464.0
2024-11-14,463.0,466.0,459.0,466.0
2024-11-15,465.0,468.0,460.0,466.0
2024-11-18,463.0,471.0,463.0,468.0
2024-11-19,468.0,470.0,462.0,469.0
2024-11-20,469.0,469.0,461.0,461.0
2024-11-21,458.0,462.0,434.0,450.0
2024-11-22,448.0,454.0,448.0,451.0
2024-11-25,454.0,457.0,445.0,457.0
2024-11-26,461.0,461.0,450.0,450.0
2024-11-27,450.0,459.0,449.0,450.0
2024-11-28,450.0,453.0,444.0,447.0
2024-11-29,447.0,453.0,437.0,437.0
2024-12-02,440.0,444.0,438.0,440.0
2024-12-03,441.0,443.0,437.0,440.0
2024-12-04,438.0,439.0,433.0,434.0
2024-12-05,434.0,439.0,430.0,435.0
2024-12-06,432.0,433.0,429.0,429.0
2024-12-09,430.0,432.0,427.0,432.0
2024-12-10,432.0,440.0,432.0,433.0
2024-12-11,441.0,448.0,438.0,448.0
2024-12-12,445.0,445.0,440.0,440.0
2024-12-13,441.0,460.0,441.0,457.0
2024-12-16,394.0,401.0,384.0,388.0
2024-12-17,385.0,393.0,385.0,385.0
2024-12-18,388.0,390.0,384.0,387.0
2024-12-19,382.0,392.0,382.0,390.0
2024-12-20,391.0,393.0,385.0,387.0
2024-12-23,388.0,392.0,386.0,392.0
2024-12-24,392.0,402.0,388.0,397.0
2024-12-25,397.0,398.0,394.0,394.0
2024-12-26,399.0,400.0,395.0,395.0
2024-12-27,400.0,402.0,385.0,399.0
2024-12-30,394.0,420.0,394.0,416.0
2025-01-06,416.0,422.0,407.0,417.0
2025-01-07,418.0,418.0,409.0,412.0
2025-01-08,408.0,410.0,401.0,410.0
2025-01-09,404.0,404.0,397.0,397.0
2025-01-10,395.0,400.0,395.0,398.0
2025-01-14,397.0,398.0,391.0,392.0
2025-01-15,395.0,399.0,394.0,396.0
2025-01-16,395.0,401.0,393.0,393.0
2025-01-17,391.0,394.0,391.0,393.0
2025-01-20,395.0,397.0,393.0,393.0
2025-01-21,395.0,397.0,394.0,396.0
2025-01-22,394.0,402.0,394.0,399.0
2025-01-23,400.0,400.0,394.0,394.0
2025-01-24,393.0,403.0,393.0,402.0
2025-01-27,403.0,404.0,402.0,403.0
2025-01-28,404.0,405.0,400.0,405.0
2025-01-29,403.0,405.0,401.0,403.0
2025-01-30,401.0,406.0,400.0,404.0
2025-01-31,397.0,405.0,395.0,399.0
2025-02-03,406.0,408.0,401.0,403.0
2025-02-04,405.0,412.0,405.0,409.0
2025-02-05,408.0,414.0,408.0,413.0
2025-02-06,415.0,423.0,410.0,417.0
2025-02-07,425.0,437.0,423.0,424.0
2025-02-10,421.0,426.0,417.0,424.0
2025-02-12,424.0,425.0,413.0,422.0
2025-02-13,417.0,423.0,416.0,418.0
2025-02-14,415.0,422.0,415.0,422.0
2025-02-17,421.0,421.0,415.0,415.0
2025-02-18,413.0,418.0,404.0,410.0
2025-02-19,410.0,414.0,409.0,414.0
2025-02-20,411.0,415.0,410.0,410.0
2025-02-21,410.0,416.0,400.0,403.0
2025-02-25,402.0,410.0,400.0,410.0
2025-02-26,414.0,414.0,400.0,402.0
2025-02-27,405.0,409.0,402.0,409.0
2025-02-28,401.0,406.0,396.0,405.0
2025-03-03,401.0,403.0,397.0,398.0
2025-03-04,393.0,397.0,393.0,395.0
2025-03-05,395.0,406.0,395.0,400.0
2025-03-06,398.0,408.0,398.0,399.0
2025-03-07,397.0,404.0,397.0,399.0
2025-03-10,406.0,406.0,403.0,406.0
2025-03-11,400.0,407.0,399.0,400.0
2025-03-12,400.0,405.0,395.0,403.0
2025-03-13,397.0,411.0,397.0,398.0
2025-03-14,400.0,404.0,392.0,398.0
2025-03-17,380.0,382.0,363.0,365.0
2025-03-18,365.0,371.0,364.0,371.0
2025-03-19,367.0,372.0,367.0,368.0
2025-03-21,371.0,371.0,364.0,369.0
2025-03-24,372.0,374.0,369.0,372.0
2025-03-25,372.0,372.0,369.0,370.0
2025-03-26,372.0,375.0,369.0,373.0
2025-03-27,376.0,380.0,371.0,372.0
2025-03-28,373.0,380.0,367.0,377.0
2025-03-31,373.0,373.0,368.0,368.0
2025-04-01,371.0,373.0,368.0,373.0
2025-04-02,368.0,370.0,366.0,366.0
2025-04-03,367.0,367.0,354.0,358.0
2025-04-04,357.0,357.0,333.0,335.0
2025-04-07,321.0,330.0,294.0,299.0
2025-04-08,301.0,327.0,301.0,318.0
2025-04-09,296.0,308.0,296.0,303.0
2025-04-10,327.0,327.0,308.0,323.0
2025-04-11,320.0,328.0,319.0,324.0
2025-04-14,328.0,331.0,324.0,327.0
2025-04-15,329.0,334.0,329.0,334.0
2025-04-16,334.0,334.0,330.0,333.0
2025-04-17,341.0,408.0,341.0,345.0
2025-04-18,349.0,349.0,332.0,335.0
2025-04-21,332.0,336.0,326.0,327.0
2025-04-22,327.0,349.0,327.0,334.0
2025-04-23,335.0,340.0,321.0,327.0
2025-04-24,334.0,336.0,328.0,331.0
2025-04-25,331.0,339.0,330.0,330.0
2025-04-28,344.0,344.0,335.0,338.0
2025-04-30,337.0,340.0,331.0,335.0
2025-05-01,335.0,338.0,329.0,338.0
2025-05-02,339.0,339.0,331.0,333.0
2025-05-07,333.0,341.0,333.0,338.0
2025-05-08,334.0,337.0,328.0,333.0
2025-05-09,333.0,336.0,333.0,334.0
2025-05-12,335.0,338.0,335.0,337.0
2025-05-13,337.0,341.0,335.0,335.0
2025-05-14,335.0,339.0,331.0,331.0
2025-05-15,330.0,337.0,328.0,330.0
2025-05-16,332.0,337.0,332.0,335.0
2025-05-19,340.0,340.0,338.0,339.0
2025-05-20,336.0,339.0,334.0,336.0
2025-05-21,335.0,337.0,333.0,335.0
2025-05-22,335.0,415.0,328.0,412.0
2025-05-23,404.0,448.0,369.0,416.0
2025-05-26,408.0,485.0,381.0,383.0
2025-05-27,391.0,455.0,375.0,419.0
2025-05-28,430.0,440.0,392.0,419.0
2025-05-29,411.0,431.0,394.0,400.0
2025-05-30,407.0,407.0,396.0,396.0
2025-06-02,388.0,393.0,378.0,378.0
2025-06-03,386.0,393.0,380.0,386.0
2025-06-04,385.0,385.0,368.0,380.0
2025-06-05,375.0,386.0,368.0,369.0
2025-06-06,366.0,367.0,357.0,357.0
2025-06-09,364.0,364.0,357.0,359.0
2025-06-10,360.0,366.0,357.0,366.0
2025-06-11,363.0,366.0,360.0,365.0
2025-06-12,363.0,379.0,355.0,364.0
2025-06-13,368.0,368.0,354.0,359.0
2025-06-16,357.0,364.0,352.0,359.0
2025-06-17,360.0,367.0,360.0,367.0
2025-06-18,367.0,367.0,361.0,361.0
2025-06-19,361.0,367.0,360.0,367.0
2025-06-20,364.0,369.0,362.0,366.0
2025-06-23,446.0,446.0,446.0,446.0
2025-06-24,526.0,526.0,526.0,526.0
2025-06-25,666.0,926.0,661.0,833.0
2025-06-26,848.0,923.0,683.0,683.0
2025-06-27,623.0,629.0,583.0,583.0
2025-06-30,559.0,571.0,518.0,518.0
2025-07-01,533.0,533.0,497.0,505.0
2025-07-02,489.0,498.0,475.0,483.0
2025-07-03,489.0,489.0,477.0,483.0
2025-07-04,480.0,494.0,461.0,476.0
2025-07-07,473.0,498.0,472.0,486.0
2025-07-08,482.0,508.0,481.0,488.0
2025-07-09,493.0,516.0,486.0,516.0
2025-07-10,516.0,516.0,505.0,510.0
2025-07-11,515.0,528.0,501.0,502.0
2025-07-14,500.0,510.0,486.0,504.0
2025-07-15,495.0,518.0,487.0,495.0
2025-07-16,491.0,509.0,487.0,502.0
2025-07-17,502.0,512.0,499.0,506.0
2025-07-18,501.0,512.0,501.0,502.0
2025-07-22,498.0,505.0,488.0,505.0
2025-07-23,503.0,522.0,500.0,506.0
2025-07-24,511.0,537.0,511.0,531.0
2025-07-25,530.0,548.0,519.0,522.0
2025-07-28,525.0,541.0,523.0,533.0
2025-07-29,535.0,543.0,525.0,539.0
2025-07-30,529.0,529.0,518.0,523.0
2025-07-31,531.0,531.0,520.0,529.0
2025-08-01,521.0,535.0,505.0,530.0
2025-08-04,520.0,535.0,502.0,520.0
2025-08-05,513.0,531.0,513.0,521.0
2025-08-06,529.0,529.0,512.0,520.0
2025-08-07,516.0,531.0,512.0,525.0
2025-08-08,515.0,530.0,515.0,524.0
2025-08-12,515.0,528.0,515.0,520.0
2025-08-13,515.0,527.0,508.0,523.0
2025-08-14,517.0,526.0,514.0,516.0
2025-08-15,522.0,540.0,522.0,540.0
2025-08-18,548.0,567.0,546.0,546.0
2025-08-19,547.0,557.0,528.0,541.0
2025-08-20,537.0,544.0,530.0,530.0
2025-08-21,520.0,543.0,517.0,535.0
2025-08-22,540.0,588.0,525.0,575.0
2025-08-25,595.0,595.0,561.0,576.0
2025-08-26,579.0,579.0,558.0,564.0
2025-08-27,563.0,571.0,551.0,554.0
2025-08-28,553.0,568.0,535.0,552.0
2025-08-29,549.0,558.0,545.0,554.0
2025-09-01,559.0,559.0,545.0,559.0
2025-09-02,559.0,559.0,520.0,534.0
2025-09-03,536.0,536.0,515.0,515.0
2025-09-04,515.0,524.0,512.0,524.0
2025-09-05,521.0,527.0,513.0,524.0
2025-09-08,525.0,537.0,522.0,522.0
2025-09-09,528.0,528.0,510.0,510.0
2025-09-10,515.0,518.0,501.0,501.0
2025-09-11,500.0,522.0,491.0,514.0
2025-09-12,504.0,517.0,503.0,504.0
2025-09-16,504.0,524.0,504.0,524.0
2025-09-17,523.0,535.0,515.0,515.0
2025-09-18,514.0,523.0,505.0,505.0
2025-09-19,508.0,525.0,504.0,515.0
2025-09-22,516.0,519.0,512.0,512.0
2025-09-24,512.0,512.0,495.0,495.0
2025-09-25,501.0,502.0,492.0,496.0
2025-09-26,500.0,500.0,485.0,486.0
2025-09-29,486.0,486.0,470.0,470.0
2025-09-30,466.0,470.0,451.0,456.0
2025-10-01,536.0,536.0,536.0,536.0
2025-10-02,636.0,636.0,636.0,636.0
2025-10-03,826.0,856.0,644.0,682.0
2025-10-06,782.0,782.0,782.0,782.0
2025-10-07,797.0,932.0,760.0,932.0
2025-10-08,1082.0,1082.0,909.0,1082.0
2025-10-09,1040.0,1320.0,782.0,790.0
2025-10-10,793.0,852.0,734.0,831.0
2025-10-14,816.0,847.0,760.0,780.0
2025-10-15,765.0,799.0,666.0,750.0
2025-10-16,741.0,756.0,701.0,725.0
2025-10-17,735.0,735.0,654.0,670.0
2025-10-20,665.0,691.0,625.0,671.0
2025-10-21,678.0,684.0,649.0,657.0
2025-10-22,656.0,678.0,643.0,657.0
2025-10-23,667.0,671.0,639.0,640.0
2025-10-24,649.0,660.0,630.0,635.0
2025-10-27,650.0,665.0,641.0,647.0
2025-10-28,647.0,690.0,628.0,640.0
2025-10-29,640.0,641.0,594.0,605.0
2025-10-30,597.0,611.0,592.0,604.0
2025-10-31,605.0,624.0,602.0,604.0
2025-11-04,607.0,609.0,565.0,594.0
2025-11-05,589.0,605.0,573.0,599.0
2025-11-06,609.0,627.0,602.0,602.0
2025-11-07,592.0,609.0,591.0,600.0
2025-11-10,600.0,619.0,600.0,617.0
2025-11-11,607.0,614.0,594.0,599.0
2025-11-12,609.0,627.0,608.0,619.0
2025-11-13,619.0,629.0,612.0,612.0
2025-11-14,612.0,621.0,600.0,608.0
2025-11-17,608.0,608.0,585.0,587.0
2025-11-18,585.0,597.0,581.0,581.0
2025-11-19,580.0,584.0,568.0,570.0
2025-11-20,574.0,584.0,568.0,580.0
2025-11-21,570.0,585.0,561.0,570.0
2025-11-25,571.0,581.0,562.0,570.0
2025-11-26,576.0,587.0,575.0,579.0
2025-11-27,589.0,596.0,585.0,593.0
2025-11-28,594.0,600.0,584.0,593.0
2025-12-01,597.0,599.0,575.0,578.0
2025-12-02,575.0,575.0,555.0,555.0
2025-12-03,555.0,556.0,547.0,552.0
2025-12-04,547.0,556.0,547.0,551.0
2025-12-05,551.0,551.0,520.0,520.0
2025-12-08,522.0,555.0,522.0,546.0
2025-12-09,546.0,548.0,536.0,542.0
2025-12-10,537.0,544.0,529.0,542.0
2025-12-11,550.0,550.0,529.0,529.0
2025-12-12,535.0,547.0,527.0,539.0
2025-12-15,566.0,614.0,541.0,549.0
2025-12-16,550.0,552.0,528.0,528.0
2025-12-17,530.0,531.0,510.0,513.0
2025-12-18,513.0,533.0,508.0,533.0
2025-12-19,527.0,541.0,527.0,541.0
2025-12-22,541.0,545.0,531.0,541.0
2025-12-23,533.0,554.0,533.0,554.0
2025-12-24,554.0,557.0,536.0,536.0
2025-12-25,536.0,547.0,525.0,546.0
2025-12-26,542.0,554.0,542.0,548.0
2025-12-29,548.0,559.0,544.0,556.0
2025-12-30,559.0,561.0,551.0,560.0
2026-01-05,565.0,577.0,551.0,557.0
2026-01-06,560.0,562.0,555.0,556.0
2026-01-07,557.0,562.0,557.0,560.0
2026-01-08,555.0,567.0,552.0,566.0
2026-01-09,566.0,574.0,558.0,571.0
2026-01-13,574.0,587.0,566.0,576.0
2026-01-14,575.0,584.0,567.0,583.0
2026-01-15,576.0,597.0,573.0,593.0
2026-01-16,596.0,614.0,585.0,585.0
2026-01-19,585.0,589.0,570.0,589.0
2026-01-20,592.0,592.0,576.0,580.0
2026-01-21,574.0,574.0,562.0,566.0
2026-01-22,567.0,572.0,560.0,571.0
2026-01-23,576.0,583.0,566.0,577.0
2026-01-26,573.0,573.0,556.0,561.0
2026-01-27,557.0,566.0,556.0,564.0
2026-01-28,574.0,574.0,533.0,535.0
2026-01-29,537.0,539.0,520.0,536.0
2026-01-30,539.0,539.0,520.0,533.0
2026-02-02,533.0,533.0,512.0,512.0
2026-02-03,515.0,524.0,511.0,512.0
2026-02-04,509.0,514.0,481.0,508.0
2026-02-05,506.0,511.0,499.0,509.0
2026-02-06,512.0,512.0,467.0,491.0
2026-02-09,498.0,498.0,474.0,478.0
2026-02-10,486.0,504.0,479.0,500.0
2026-02-12,508.0,514.0,499.0,499.0
2026-02-13,499.0,499.0,481.0,487.0
2026-02-16,494.0,496.0,481.0,491.0
2026-02-17,494.0,498.0,491.0,492.0
2026-02-18,492.0,504.0,490.0,504.0
2026-02-19,506.0,524.0,500.0,518.0
2026-02-20,537.0,537.0,505.0,506.0
2026-02-24,525.0,525.0,507.0,508.0
2026-02-25,513.0,529.0,503.0,520.0
2026-02-26,523.0,528.0,520.0,526.0
2026-02-27,529.0,560.0,527.0,551.0
2026-03-02,544.0,547.0,525.0,547.0
2026-03-03,542.0,542.0,495.0,496.0
2026-03-04,482.0,490.0,466.0,481.0
2026-03-05,505.0,528.0,493.0,528.0
2026-03-06,520.0,539.0,510.0,539.0
2026-03-09,509.0,531.0,501.0,531.0
2026-03-10,540.0,540.0,528.0,534.0
2026-03-11,539.0,542.0,530.0,530.0
2026-03-12,525.0,546.0,525.0,543.0
2026-03-13,545.0,553.0,529.0,531.0
2026-03-16,497.0,498.0,466.0,475.0
2026-03-17,480.0,498.0,473.0,475.0
2026-03-18,481.0,498.0,480.0,493.0
2026-03-19,489.0,495.0,465.0,466.0
2026-03-23,453.0,456.0,439.0,444.0
2026-03-24,460.0,460.0,434.0,445.0
2026-03-25,454.0,468.0,453.0,464.0
2026-03-26,472.0,472.0,445.0,449.0
2026-03-27,449.0,455.0,444.0,444.0
2026-03-30,436.0,447.0,430.0,433.0
2026-03-31,428.0,438.0,427.0,427.0
2026-04-01,428.0,452.0,428.0,452.0
2026-04-02,455.0,455.0,439.0,444.0
2026-04-03,448.0,448.0,439.0,439.0
2026-04-06,442.0,451.0,439.0,439.0
2026-04-07,447.0,447.0,436.0,439.0
2026-04-08,440.0,445.0,440.0,441.0
2026-04-09,441.0,452.0,441.0,442.0
2026-04-10,444.0,487.0,444.0,480.0
2026-04-13,475.0,483.0,453.0,473.0
2026-04-14,474.0,474.0,463.0,466.0
2026-04-15,476.0,476.0,466.0,466.0
2026-04-16,465.0,475.0,465.0,470.0
2026-04-17,473.0,475.0,467.0,467.0
2026-04-20,474.0,489.0,458.0,488.0
2026-04-21,493.0,493.0,477.0,481.0
2026-04-22,488.0,488.0,478.0,481.0
2026-04-23,481.0,483.0,466.0,468.0
2026-04-24,476.0,476.0,464.0,470.0
2026-04-27,486.0,486.0,462.0,469.0
2026-04-28,468.0,468.0,456.0,468.0
2026-04-30,463.0,474.0,463.0,470.0
2026-05-01,466.0,504.0,466.0,503.0
2026-05-07,510.0,519.0,475.0,492.0
2026-05-08,486.0,498.0,483.0,497.0
2026-05-11,493.0,498.0,491.0,498.0
2026-05-12,495.0,495.0,479.0,484.0
2026-05-13,478.0,490.0,478.0,490.0
2026-05-14,475.0,479.0,452.0,456.0
2026-05-15,452.0,455.0,451.0,452.0
2026-05-18,455.0,464.0,444.0,456.0
2026-05-19,464.0,465.0,455.0,456.0
2026-05-20,456.0,456.0,438.0,447.0
2026-05-21,445.0,460.0,444.0,456.0
2026-05-22,463.0,468.0,463.0,468.0
2026-05-25,469.0,474.0,457.0,460.0
2026-05-26,465.0,469.0,453.0,454.0
2026-05-27,460.0,468.0,440.0,441.0
2026-05-28,449.0,456.0,445.0,451.0
2026-05-29,459.0,459.0,446.0,449.0
2026-06-01,457.0,457.0,442.0,448.0
2026-06-02,448.0,453.0,430.0,445.0
2026-06-03,440.0,443.0,434.0,434.0
2026-06-04,431.0,432.0,421.0,430.0
2026-06-05,422.0,443.0,417.0,431.0
2026-06-08,420.0,434.0,419.0,423.0
2026-06-09,431.0,443.0,431.0,439.0
2026-06-10,443.0,463.0,442.0,457.0
2026-06-11,449.0,456.0,434.0,450.0
2026-06-12,463.0,476.0,455.0,476.0
2026-06-15,452.0,452.0,417.0,419.0
2026-06-16,420.0,420.0,400.0,408.0
2026-06-17,408.0,413.0,398.0,413.0
2026-06-18,413.0,413.0,400.0,401.0
2026-06-19,398.0,406.0,383.0,383.0
2026-06-22,382.0,395.0,381.0,389.0
2026-06-23,389.0,389.0,377.0,377.0
2026-06-24,370.0,389.0,370.0,380.0
2026-06-25,383.0,390.0,375.0,390.0
2026-06-26,398.0,398.0,378.0,378.0
2026-06-29,372.0,386.0,370.0,381.0
2026-06-30,376.0,388.0,375.0,379.0
2026-07-01,379.0,393.0,379.0,393.0
2026-07-02,399.0,400.0,393.0,400.0
2026-07-03,394.0,400.0,393.0,400.0
2026-07-06,402.0,402.0,392.0,402.0
2026-07-07,405.0,405.0,395.0,395.0
2026-07-08,402.0,402.0,393.0,400.0
2026-07-09,400.0,401.0,392.0,394.0
2026-07-10,393.0,405.0,390.0,405.0
2026-07-13,403.0,405.0,399.0,404.0
2026-07-14,400.0,408.0,395.0,407.0
2026-07-15,406.0,406.0,399.0,400.0
2026-07-16,400.0,403.0,396.0,396.0
2026-07-17,396.0,400.0,396.0,397.0
2026-07-21,403.0,403.0,397.0,399.0
2026-07-22,404.0,404.0,398.0,398.0
2026-07-23,398.0,402.0,398.0,400.0
2026-07-24,403.0,404.0,400.0,400.0
2026-07-27,405.0,405.0,397.0,403.0
2026-07-28,398.0,401.0,397.0,397.0
2026-07-29,398.0,403.0,396.0,396.0
2026-07-30,396.0,399.0,396.0,396.0
2026-07-31,399.0,403.0,393.0,398.0
