date,open,high,low,close
2021-09-29,2098.0,2188.0,1950.0,1980.0
2021-09-30,1963.0,1963.0,1818.0,1860.0
2021-10-01,1900.0,1980.0,1831.0,1920.0
2021-10-04,1880.0,1896.0,1679.0,1698.0
2021-10-05,1627.0,1654.0,1570.0,1649.0
2021-10-06,1617.0,1740.0,1586.0,1700.0
2021-10-07,1740.0,1776.0,1631.0,1631.0
2021-10-08,1655.0,1657.0,1578.0,1578.0
2021-10-11,1618.0,1632.0,1586.0,1600.0
2021-10-12,1624.0,1681.0,1600.0,1646.0
2021-10-13,1684.0,1850.0,1660.0,1733.0
2021-10-14,1733.0,1796.0,1670.0,1751.0
2021-10-15,1743.0,1775.0,1664.0,1671.0
2021-10-18,1689.0,1697.0,1651.0,1681.0
2021-10-19,1681.0,1704.0,1670.0,1692.0
2021-10-20,1710.0,1734.0,1651.0,1660.0
2021-10-21,1665.0,1678.0,1601.0,1604.0
2021-10-22,1604.0,1616.0,1582.0,1595.0
2021-10-25,1595.0,1645.0,1583.0,1613.0
2021-10-26,1615.0,1662.0,1608.0,1647.0
2021-10-27,1650.0,1667.0,1605.0,1614.0
2021-10-28,1610.0,1625.0,1590.0,1600.0
2021-10-29,1600.0,1620.0,1580.0,1588.0
2021-11-01,1649.0,1698.0,1625.0,1643.0
2021-11-02,1641.0,2043.0,1641.0,2043.0
2021-11-04,2003.0,2493.0,1960.0,2270.0
2021-11-05,2172.0,2320.0,2077.0,2116.0
2021-11-08,2100.0,2175.0,1851.0,1854.0
2021-11-09,1927.0,1952.0,1750.0,1755.0
2021-11-10,1762.0,1812.0,1666.0,1673.0
2021-11-11,1750.0,1775.0,1674.0,1697.0
2021-11-12,1702.0,1832.0,1686.0,1801.0
2021-11-15,1830.0,1850.0,1665.0,1671.0
2021-11-16,1691.0,2071.0,1680.0,2071.0
2021-11-17,2160.0,2282.0,1871.0,1943.0
2021-11-18,1940.0,1940.0,1846.0,1846.0
2021-11-19,1884.0,1884.0,1812.0,1821.0
2021-11-22,1847.0,1855.0,1738.0,1761.0
2021-11-24,1754.0,1755.0,1691.0,1698.0
2021-11-25,1715.0,1859.0,1705.0,1813.0
2021-11-26,1813.0,1838.0,1702.0,1726.0
2021-11-29,1658.0,1735.0,1648.0,1664.0
2021-11-30,1685.0,1715.0,1560.0,1564.0
2021-12-01,1555.0,1649.0,1492.0,1542.0
2021-12-02,1504.0,1513.0,1403.0,1428.0
2021-12-03,1458.0,1502.0,1422.0,1491.0
2021-12-06,1461.0,1477.0,1403.0,1467.0
2021-12-07,1488.0,1548.0,1488.0,1507.0
2021-12-08,1507.0,1570.0,1488.0,1534.0
2021-12-09,1537.0,1542.0,1496.0,1496.0
2021-12-10,1524.0,1524.0,1438.0,1450.0
2021-12-13,1439.0,1453.0,1403.0,1429.0
2021-12-14,1424.0,1424.0,1356.0,1359.0
2021-12-15,1340.0,1390.0,1303.0,1358.0
2021-12-16,1375.0,1407.0,1277.0,1291.0
2021-12-17,1288.0,1345.0,1257.0,1270.0
2021-12-20,1270.0,1304.0,1248.0,1260.0
2021-12-21,1299.0,1331.0,1285.0,1301.0
2021-12-22,1300.0,1366.0,1300.0,1336.0
2021-12-23,1388.0,1448.0,1384.0,1387.0
2021-12-24,1460.0,1549.0,1417.0,1437.0
2021-12-27,1467.0,1467.0,1374.0,1380.0
2021-12-28,1408.0,1498.0,1376.0,1495.0
2021-12-29,1500.0,1569.0,1495.0,1555.0
2021-12-30,1555.0,1575.0,1506.0,1560.0
2022-01-04,1596.0,1610.0,1461.0,1527.0
2022-01-05,1487.0,1502.0,1451.0,1477.0
2022-01-06,1400.0,1490.0,1394.0,1458.0
2022-01-07,1451.0,1477.0,1403.0,1444.0
2022-01-11,1449.0,1487.0,1431.0,1486.0
2022-01-12,1485.0,1510.0,1483.0,1495.0
2022-01-13,1525.0,1537.0,1456.0,1478.0
2022-01-14,1461.0,1461.0,1402.0,1409.0
2022-01-17,1390.0,1400.0,1312.0,1313.0
2022-01-18,1312.0,1347.0,1293.0,1309.0
2022-01-19,1279.0,1300.0,1216.0,1223.0
2022-01-20,1220.0,1255.0,1183.0,1252.0
2022-01-21,1203.0,1220.0,1181.0,1200.0
2022-01-24,1170.0,1245.0,1170.0,1226.0
2022-01-25,1226.0,1226.0,1153.0,1153.0
2022-01-26,1152.0,1194.0,1152.0,1156.0
2022-01-27,1161.0,1175.0,1023.0,1059.0
2022-01-28,1059.0,1067.0,1021.0,1050.0
2022-01-31,1062.0,1224.0,1050.0,1134.0
2022-02-01,1129.0,1200.0,1129.0,1135.0
2022-02-02,1139.0,1187.0,1139.0,1148.0
2022-02-03,1148.0,1199.0,1147.0,1189.0
2022-02-04,1159.0,1211.0,1122.0,1186.0
2022-02-07,1230.0,1230.0,1165.0,1170.0
2022-02-08,1167.0,1220.0,1158.0,1220.0
2022-02-09,1220.0,1222.0,1186.0,1210.0
2022-02-10,1216.0,1237.0,1181.0,1237.0
2022-02-14,1230.0,1355.0,1217.0,1341.0
2022-02-15,1329.0,1367.0,1262.0,1300.0
2022-02-16,1303.0,1330.0,1295.0,1330.0
2022-02-17,1317.0,1343.0,1280.0,1301.0
2022-02-18,1280.0,1300.0,1262.0,1296.0
2022-02-21,1280.0,1280.0,1231.0,1257.0
2022-02-22,1223.0,1319.0,1215.0,1270.0
2022-02-24,1251.0,1251.0,1205.0,1205.0
2022-02-25,1235.0,1279.0,1225.0,1279.0
2022-02-28,1298.0,1363.0,1249.0,1361.0
2022-03-01,1346.0,1449.0,1346.0,1446.0
2022-03-02,1416.0,1429.0,1387.0,1412.0
2022-03-03,1445.0,1445.0,1402.0,1443.0
2022-03-04,1402.0,1402.0,1292.0,1319.0
2022-03-07,1316.0,1392.0,1300.0,1351.0
2022-03-08,1351.0,1351.0,1280.0,1283.0
2022-03-09,1306.0,1397.0,1289.0,1369.0
2022-03-10,1429.0,1519.0,1422.0,1452.0
2022-03-11,1486.0,1510.0,1462.0,1505.0
2022-03-14,1506.0,1545.0,1476.0,1504.0
2022-03-15,1452.0,1497.0,1444.0,1463.0
2022-03-16,1536.0,1536.0,1500.0,1509.0
2022-03-17,1545.0,1545.0,1518.0,1537.0
2022-03-18,1526.0,1536.0,1487.0,1495.0
2022-03-22,1500.0,1509.0,1459.0,1479.0
2022-03-23,1479.0,1505.0,1467.0,1479.0
2022-03-24,1455.0,1503.0,1440.0,1503.0
2022-03-25,1515.0,1542.0,1486.0,1510.0
2022-03-28,1499.0,1500.0,1452.0,1487.0
2022-03-29,1481.0,1534.0,1481.0,1525.0
2022-03-30,1535.0,1584.0,1535.0,1584.0
2022-03-31,1580.0,1660.0,1566.0,1650.0
2022-04-01,1624.0,1676.0,1613.0,1614.0
2022-04-04,1629.0,1663.0,1603.0,1641.0
2022-04-05,1681.0,1681.0,1645.0,1663.0
2022-04-06,1641.0,1678.0,1641.0,1667.0
2022-04-07,1654.0,1657.0,1600.0,1600.0
2022-04-08,1596.0,1613.0,1532.0,1567.0
2022-04-11,1527.0,1527.0,1412.0,1421.0
2022-04-12,1402.0,1432.0,1402.0,1425.0
2022-04-13,1448.0,1517.0,1432.0,1510.0
2022-04-14,1528.0,1528.0,1490.0,1493.0
2022-04-15,1505.0,1519.0,1490.0,1490.0
2022-04-18,1468.0,1500.0,1467.0,1470.0
2022-04-19,1480.0,1510.0,1475.0,1480.0
2022-04-20,1485.0,1490.0,1451.0,1451.0
2022-04-21,1461.0,1475.0,1420.0,1465.0
2022-04-22,1495.0,1495.0,1424.0,1468.0
2022-04-25,1416.0,1425.0,1394.0,1425.0
2022-04-26,1432.0,1432.0,1392.0,1395.0
2022-04-27,1381.0,1381.0,1312.0,1355.0
2022-04-28,1355.0,1355.0,1323.0,1325.0
2022-05-02,1295.0,1325.0,1284.0,1325.0
2022-05-06,1325.0,1330.0,1308.0,1320.0
2022-05-09,1290.0,1349.0,1275.0,1349.0
2022-05-10,1289.0,1321.0,1225.0,1321.0
2022-05-11,1320.0,1350.0,1320.0,1350.0
2022-05-12,1350.0,1355.0,1285.0,1320.0
2022-05-13,1320.0,1389.0,1306.0,1347.0
2022-05-16,1291.0,1331.0,1250.0,1271.0
2022-05-17,1270.0,1291.0,1260.0,1263.0
2022-05-18,1258.0,1292.0,1247.0,1250.0
2022-05-19,1240.0,1242.0,1220.0,1228.0
2022-05-20,1214.0,1229.0,1202.0,1219.0
2022-05-23,1220.0,1304.0,1219.0,1268.0
2022-05-24,1294.0,1388.0,1294.0,1349.0
2022-05-25,1335.0,1335.0,1278.0,1280.0
2022-05-26,1281.0,1320.0,1281.0,1291.0
2022-05-27,1310.0,1323.0,1289.0,1291.0
2022-05-30,1300.0,1369.0,1300.0,1360.0
2022-05-31,1359.0,1423.0,1359.0,1413.0
2022-06-01,1413.0,1430.0,1400.0,1430.0
2022-06-02,1429.0,1465.0,1403.0,1465.0
2022-06-03,1426.0,1462.0,1426.0,1440.0
2022-06-06,1410.0,1453.0,1410.0,1430.0
2022-06-07,1401.0,1436.0,1401.0,1430.0
2022-06-08,1404.0,1413.0,1371.0,1410.0
2022-06-09,1408.0,1408.0,1380.0,1392.0
2022-06-10,1403.0,1403.0,1378.0,1382.0
2022-06-13,1375.0,1375.0,1281.0,1286.0
2022-06-14,1280.0,1314.0,1270.0,1314.0
2022-06-15,1299.0,1299.0,1230.0,1230.0
2022-06-16,1241.0,1270.0,1213.0,1213.0
2022-06-17,1200.0,1205.0,1139.0,1151.0
2022-06-20,1102.0,1132.0,1040.0,1059.0
2022-06-21,1083.0,1136.0,1083.0,1133.0
2022-06-22,1125.0,1133.0,1100.0,1100.0
2022-06-23,1081.0,1136.0,1081.0,1110.0
2022-06-24,1120.0,1166.0,1120.0,1166.0
2022-06-27,1190.0,1190.0,1156.0,1176.0
2022-06-28,1169.0,1169.0,1150.0,1150.0
2022-06-29,1138.0,1157.0,1120.0,1157.0
2022-06-30,1157.0,1159.0,1140.0,1140.0
2022-07-01,1140.0,1149.0,1120.0,1120.0
2022-07-04,1108.0,1120.0,1086.0,1086.0
2022-07-05,1089.0,1119.0,1089.0,1117.0
2022-07-06,1142.0,1229.0,1120.0,1229.0
2022-07-07,1230.0,1277.0,1227.0,1261.0
2022-07-08,1241.0,1257.0,1210.0,1210.0
2022-07-11,1212.0,1274.0,1212.0,1255.0
2022-07-12,1225.0,1270.0,1225.0,1253.0
2022-07-13,1272.0,1302.0,1268.0,1268.0
2022-07-14,1289.0,1289.0,1262.0,1273.0
2022-07-15,1271.0,1271.0,1265.0,1265.0
2022-07-19,1265.0,1265.0,1200.0,1223.0
2022-07-20,1250.0,1273.0,1250.0,1270.0
2022-07-21,1251.0,1294.0,1251.0,1273.0
2022-07-22,1273.0,1296.0,1260.0,1281.0
2022-07-25,1281.0,1281.0,1270.0,1271.0
2022-07-26,1241.0,1271.0,1241.0,1256.0
2022-07-27,1256.0,1289.0,1256.0,1289.0
2022-07-28,1297.0,1301.0,1297.0,1301.0
2022-07-29,1271.0,1345.0,1271.0,1345.0
2022-08-01,1287.0,1355.0,1287.0,1328.0
2022-08-02,1320.0,1345.0,1309.0,1309.0
2022-08-03,1315.0,1347.0,1315.0,1316.0
2022-08-04,1300.0,1309.0,1278.0,1278.0
2022-08-05,1278.0,1300.0,1278.0,1300.0
2022-08-08,1286.0,1286.0,1271.0,1271.0
2022-08-09,1293.0,1310.0,1255.0,1271.0
2022-08-10,1302.0,1306.0,1217.0,1217.0
2022-08-12,1037.0,1088.0,1015.0,1067.0
2022-08-15,1074.0,1076.0,1048.0,1053.0
2022-08-16,1054.0,1080.0,1054.0,1055.0
2022-08-17,1066.0,1092.0,1064.0,1083.0
2022-08-18,1088.0,1090.0,1073.0,1083.0
2022-08-19,1090.0,1115.0,1085.0,1095.0
2022-08-22,1095.0,1110.0,1078.0,1095.0
2022-08-23,1090.0,1105.0,1074.0,1093.0
2022-08-24,1093.0,1149.0,1087.0,1129.0
2022-08-25,1160.0,1339.0,1148.0,1174.0
2022-08-26,1160.0,1175.0,1128.0,1175.0
2022-08-29,1155.0,1180.0,1112.0,1114.0
2022-08-30,1120.0,1132.0,1111.0,1116.0
2022-08-31,1112.0,1125.0,1107.0,1108.0
2022-09-01,1102.0,1108.0,1076.0,1087.0
2022-09-02,1064.0,1067.0,1033.0,1047.0
2022-09-05,1048.0,1052.0,1030.0,1043.0
2022-09-06,1068.0,1080.0,1046.0,1046.0
2022-09-07,1050.0,1067.0,1045.0,1045.0
2022-09-08,1046.0,1070.0,1040.0,1044.0
2022-09-09,1060.0,1070.0,1041.0,1056.0
2022-09-12,1062.0,1075.0,1061.0,1064.0
2022-09-13,1074.0,1089.0,1070.0,1081.0
2022-09-14,1051.0,1074.0,1051.0,1065.0
2022-09-15,1059.0,1104.0,1059.0,1078.0
2022-09-16,1068.0,1072.0,1048.0,1055.0
2022-09-20,1055.0,1069.0,1047.0,1067.0
2022-09-21,1068.0,1068.0,1048.0,1059.0
2022-09-22,1035.0,1058.0,1032.0,1036.0
2022-09-26,1031.0,1036.0,1027.0,1028.0
2022-09-27,1025.0,1039.0,1016.0,1029.0
2022-09-28,1021.0,1021.0,990.0,1013.0
2022-09-29,1005.0,1017.0,1000.0,1017.0
2022-09-30,1001.0,1024.0,997.0,1024.0
2022-10-03,1002.0,1002.0,985.0,996.0
2022-10-04,1017.0,1023.0,999.0,1023.0
2022-10-05,1026.0,1058.0,1016.0,1035.0
2022-10-06,1018.0,1040.0,1014.0,1024.0
2022-10-07,1015.0,1028.0,1014.0,1014.0
2022-10-11,1003.0,1005.0,995.0,996.0
2022-10-12,995.0,1014.0,995.0,1013.0
2022-10-13,1007.0,1007.0,996.0,998.0
2022-10-14,1001.0,1001.0,997.0,999.0
2022-10-17,995.0,1013.0,995.0,1013.0
2022-10-18,1019.0,1027.0,1014.0,1026.0
2022-10-19,1017.0,1024.0,1011.0,1015.0
2022-10-20,1017.0,1023.0,1017.0,1023.0
2022-10-21,1005.0,1028.0,1005.0,1022.0
2022-10-24,1025.0,1027.0,1022.0,1027.0
2022-10-25,1029.0,1045.0,1019.0,1041.0
2022-10-26,1048.0,1080.0,1026.0,1052.0
2022-10-27,1042.0,1063.0,1042.0,1053.0
2022-10-28,1053.0,1057.0,1044.0,1052.0
2022-10-31,1045.0,1058.0,1044.0,1058.0
2022-11-01,1050.0,1099.0,1046.0,1048.0
2022-11-02,1043.0,1055.0,1043.0,1055.0
2022-11-04,1085.0,1085.0,1042.0,1042.0
2022-11-07,1042.0,1042.0,1042.0,1042.0
2022-11-08,1043.0,1070.0,1040.0,1064.0
2022-11-09,1070.0,1070.0,1041.0,1050.0
2022-11-10,1050.0,1050.0,1032.0,1045.0
2022-11-11,1046.0,1060.0,1036.0,1036.0
2022-11-14,1046.0,1059.0,1024.0,1054.0
2022-11-15,889.0,897.0,870.0,882.0
2022-11-16,875.0,885.0,873.0,877.0
2022-11-17,876.0,900.0,876.0,895.0
2022-11-18,903.0,911.0,895.0,899.0
2022-11-21,894.0,894.0,882.0,888.0
2022-11-22,894.0,896.0,889.0,890.0
2022-11-24,890.0,899.0,888.0,890.0
2022-11-25,910.0,910.0,895.0,895.0
2022-11-28,893.0,920.0,893.0,898.0
2022-11-29,899.0,908.0,899.0,908.0
2022-11-30,914.0,916.0,902.0,912.0
2022-12-01,916.0,916.0,904.0,908.0
2022-12-02,918.0,918.0,903.0,913.0
2022-12-05,913.0,914.0,899.0,914.0
2022-12-06,914.0,914.0,901.0,912.0
2022-12-07,904.0,910.0,902.0,902.0
2022-12-08,900.0,904.0,899.0,899.0
2022-12-09,899.0,914.0,897.0,897.0
2022-12-12,895.0,895.0,866.0,883.0
2022-12-13,883.0,883.0,869.0,870.0
2022-12-14,885.0,885.0,872.0,872.0
2022-12-15,880.0,880.0,871.0,872.0
2022-12-16,869.0,875.0,868.0,870.0
2022-12-19,871.0,874.0,868.0,874.0
2022-12-20,877.0,877.0,852.0,867.0
2022-12-21,855.0,1017.0,833.0,1017.0
2022-12-22,972.0,989.0,926.0,965.0
2022-12-23,950.0,970.0,936.0,957.0
2022-12-26,957.0,957.0,937.0,944.0
2022-12-27,950.0,970.0,947.0,952.0
2022-12-28,952.0,952.0,932.0,948.0
2022-12-29,950.0,1008.0,950.0,996.0
2022-12-30,999.0,1025.0,990.0,1000.0
2023-01-04,1000.0,1015.0,1000.0,1012.0
2023-01-05,1001.0,1010.0,980.0,980.0
2023-01-06,995.0,1065.0,990.0,1062.0
2023-01-10,1092.0,1140.0,1035.0,1114.0
2023-01-11,1114.0,1150.0,1082.0,1136.0
2023-01-12,1136.0,1161.0,1116.0,1161.0
2023-01-13,1161.0,1206.0,1145.0,1197.0
2023-01-16,1174.0,1197.0,1153.0,1197.0
2023-01-17,1204.0,1250.0,1190.0,1245.0
2023-01-18,1275.0,1310.0,1250.0,1297.0
2023-01-19,1286.0,1329.0,1219.0,1235.0
2023-01-20,1222.0,1245.0,1175.0,1214.0
2023-01-23,1212.0,1212.0,1121.0,1144.0
2023-01-24,1190.0,1307.0,1155.0,1203.0
2023-01-25,1210.0,1210.0,1161.0,1184.0
2023-01-26,1199.0,1199.0,1127.0,1160.0
2023-01-27,1167.0,1240.0,1152.0,1179.0
2023-01-30,1173.0,1191.0,1125.0,1125.0
2023-01-31,1125.0,1125.0,1065.0,1081.0
2023-02-01,1076.0,1082.0,1050.0,1053.0
2023-02-02,1052.0,1097.0,1028.0,1080.0
2023-02-03,1060.0,1073.0,1025.0,1050.0
2023-02-06,1044.0,1044.0,1017.0,1023.0
2023-02-07,1021.0,1053.0,1013.0,1041.0
2023-02-08,1038.0,1063.0,1016.0,1060.0
2023-02-09,1060.0,1060.0,1025.0,1044.0
2023-02-10,1034.0,1057.0,1021.0,1021.0
2023-02-13,1021.0,1049.0,1002.0,1019.0
2023-02-14,1025.0,1079.0,1025.0,1043.0
2023-02-15,1032.0,1038.0,1022.0,1034.0
2023-02-16,1032.0,1047.0,1032.0,1042.0
2023-02-17,1030.0,1051.0,1030.0,1048.0
2023-02-20,1050.0,1053.0,1045.0,1050.0
2023-02-21,1050.0,1053.0,1037.0,1037.0
2023-02-22,1037.0,1037.0,1022.0,1022.0
2023-02-24,1021.0,1030.0,1015.0,1015.0
2023-02-27,1015.0,1026.0,1010.0,1010.0
2023-02-28,1011.0,1020.0,1000.0,1002.0
2023-03-01,1010.0,1029.0,1008.0,1019.0
2023-03-02,1018.0,1018.0,1014.0,1017.0
2023-03-03,1012.0,1026.0,1008.0,1020.0
2023-03-06,1020.0,1031.0,1010.0,1031.0
2023-03-07,1038.0,1065.0,1032.0,1047.0
2023-03-08,1033.0,1057.0,1031.0,1045.0
2023-03-09,1045.0,1051.0,1033.0,1043.0
2023-03-10,1044.0,1044.0,1034.0,1042.0
2023-03-13,1021.0,1021.0,981.0,1000.0
2023-03-14,1000.0,1000.0,960.0,979.0
2023-03-15,981.0,1000.0,981.0,995.0
2023-03-16,967.0,987.0,967.0,987.0
2023-03-17,973.0,1007.0,973.0,1007.0
2023-03-20,995.0,1015.0,971.0,971.0
2023-03-22,986.0,996.0,983.0,989.0
2023-03-23,981.0,991.0,979.0,991.0
2023-03-24,991.0,1004.0,986.0,986.0
2023-03-27,1000.0,1005.0,982.0,982.0
2023-03-28,983.0,990.0,974.0,982.0
2023-03-29,983.0,987.0,979.0,979.0
2023-03-30,976.0,999.0,976.0,999.0
2023-03-31,990.0,1000.0,985.0,985.0
2023-04-03,1030.0,1032.0,971.0,985.0
2023-04-04,995.0,999.0,970.0,995.0
2023-04-05,998.0,998.0,983.0,995.0
2023-04-06,995.0,998.0,994.0,994.0
2023-04-07,981.0,981.0,981.0,981.0
2023-04-10,991.0,1006.0,991.0,1006.0
2023-04-11,1005.0,1005.0,985.0,993.0
2023-04-12,996.0,1003.0,996.0,1003.0
2023-04-13,1004.0,1012.0,995.0,1006.0
2023-04-14,990.0,992.0,990.0,992.0
2023-04-17,1003.0,1003.0,992.0,993.0
2023-04-18,1004.0,1004.0,1004.0,1004.0
2023-04-19,1000.0,1004.0,1000.0,1004.0
2023-04-20,1004.0,1008.0,992.0,992.0
2023-04-21,989.0,998.0,989.0,995.0
2023-04-24,995.0,1000.0,990.0,991.0
2023-04-25,991.0,999.0,991.0,999.0
2023-04-26,1001.0,1003.0,993.0,993.0
2023-04-27,1003.0,1008.0,1000.0,1008.0
2023-04-28,1000.0,1000.0,997.0,998.0
2023-05-01,998.0,1004.0,993.0,1004.0
2023-05-02,999.0,1004.0,991.0,1001.0
2023-05-08,1005.0,1005.0,991.0,998.0
2023-05-09,1001.0,1001.0,991.0,992.0
2023-05-10,992.0,992.0,984.0,984.0
2023-05-11,984.0,997.0,984.0,997.0
2023-05-12,985.0,992.0,981.0,986.0
2023-05-15,986.0,995.0,980.0,990.0
2023-05-16,984.0,999.0,974.0,980.0
2023-05-17,973.0,973.0,970.0,971.0
2023-05-18,969.0,972.0,969.0,970.0
2023-05-19,970.0,976.0,968.0,976.0
2023-05-22,976.0,980.0,976.0,980.0
2023-05-23,980.0,980.0,948.0,960.0
2023-05-24,970.0,970.0,970.0,970.0
2023-05-25,970.0,970.0,962.0,970.0
2023-05-26,970.0,978.0,965.0,970.0
2023-05-29,1000.0,1000.0,978.0,978.0
2023-05-30,988.0,988.0,977.0,985.0
2023-05-31,985.0,1001.0,982.0,996.0
2023-06-01,990.0,1002.0,970.0,992.0
2023-06-02,983.0,999.0,983.0,999.0
2023-06-05,1004.0,1004.0,995.0,997.0
2023-06-06,995.0,995.0,985.0,990.0
2023-06-07,990.0,997.0,985.0,992.0
2023-06-08,995.0,1030.0,995.0,1020.0
2023-06-09,1037.0,1086.0,1016.0,1027.0
2023-06-12,1035.0,1052.0,1030.0,1052.0
2023-06-13,1072.0,1072.0,1042.0,1057.0
2023-06-14,1060.0,1060.0,1013.0,1031.0
2023-06-15,1016.0,1065.0,1013.0,1014.0
2023-06-16,1025.0,1050.0,1021.0,1050.0
2023-06-19,1030.0,1039.0,1016.0,1030.0
2023-06-20,1031.0,1039.0,1022.0,1035.0
2023-06-21,1033.0,1033.0,1020.0,1025.0
2023-06-22,1010.0,1027.0,1010.0,1018.0
2023-06-23,1015.0,1015.0,1013.0,1015.0
2023-06-26,1015.0,1036.0,1012.0,1036.0
2023-06-27,1026.0,1026.0,1015.0,1015.0
2023-06-28,1017.0,1019.0,1017.0,1019.0
2023-06-29,1018.0,1032.0,1018.0,1032.0
2023-06-30,1034.0,1034.0,1034.0,1034.0
2023-07-03,1018.0,1027.0,1018.0,1027.0
2023-07-04,1014.0,1015.0,1014.0,1014.0
2023-07-05,1019.0,1019.0,1011.0,1011.0
2023-07-06,1012.0,1017.0,1004.0,1004.0
2023-07-07,999.0,1001.0,999.0,1001.0
2023-07-10,1002.0,1040.0,1000.0,1024.0
2023-07-11,1010.0,1038.0,1010.0,1036.0
2023-07-12,1149.0,1336.0,1136.0,1336.0
2023-07-13,1335.0,1368.0,1106.0,1106.0
2023-07-14,1194.0,1218.0,1064.0,1091.0
2023-07-18,1085.0,1154.0,1084.0,1109.0
2023-07-19,1126.0,1196.0,1059.0,1179.0
2023-07-20,1188.0,1192.0,1118.0,1118.0
2023-07-21,1112.0,1179.0,1091.0,1095.0
2023-07-24,1098.0,1110.0,1080.0,1082.0
2023-07-25,1076.0,1118.0,1076.0,1111.0
2023-07-26,1098.0,1098.0,1075.0,1098.0
2023-07-27,1081.0,1110.0,1081.0,1085.0
2023-07-28,1065.0,1075.0,1039.0,1043.0
2023-07-31,1044.0,1075.0,1044.0,1057.0
2023-08-01,1048.0,1100.0,1048.0,1094.0
2023-08-02,1088.0,1089.0,1073.0,1073.0
2023-08-03,1047.0,1062.0,1031.0,1053.0
2023-08-04,1053.0,1076.0,1048.0,1060.0
2023-08-07,1060.0,1073.0,1050.0,1065.0
2023-08-08,1083.0,1083.0,1058.0,1078.0
2023-08-09,1065.0,1065.0,1051.0,1051.0
2023-08-10,1061.0,1100.0,1049.0,1091.0
2023-08-14,1045.0,1064.0,1028.0,1028.0
2023-08-15,1016.0,1016.0,966.0,981.0
2023-08-16,976.0,976.0,920.0,936.0
2023-08-17,922.0,924.0,898.0,912.0
2023-08-18,912.0,926.0,904.0,926.0
2023-08-21,926.0,942.0,926.0,934.0
2023-08-22,945.0,949.0,922.0,922.0
2023-08-23,917.0,950.0,917.0,931.0
2023-08-24,931.0,942.0,925.0,940.0
2023-08-25,938.0,938.0,925.0,935.0
2023-08-28,925.0,927.0,925.0,926.0
2023-08-29,930.0,935.0,930.0,935.0
2023-08-30,938.0,940.0,927.0,935.0
2023-08-31,949.0,949.0,928.0,945.0
2023-09-01,948.0,960.0,937.0,954.0
2023-09-04,953.0,966.0,952.0,958.0
2023-09-05,948.0,954.0,948.0,948.0
2023-09-06,948.0,1000.0,948.0,967.0
2023-09-07,955.0,990.0,955.0,977.0
2023-09-08,977.0,1115.0,977.0,1022.0
2023-09-11,1023.0,1023.0,969.0,969.0
2023-09-12,981.0,1006.0,969.0,985.0
2023-09-13,981.0,1006.0,981.0,997.0
2023-09-14,982.0,1000.0,965.0,981.0
2023-09-15,976.0,990.0,955.0,979.0
2023-09-19,983.0,983.0,954.0,962.0
2023-09-20,976.0,978.0,962.0,977.0
2023-09-21,977.0,977.0,977.0,977.0
2023-09-22,977.0,1127.0,931.0,959.0
2023-09-25,951.0,978.0,951.0,978.0
2023-09-26,993.0,993.0,961.0,961.0
2023-09-27,963.0,975.0,958.0,965.0
2023-09-28,965.0,965.0,965.0,965.0
2023-09-29,965.0,976.0,965.0,966.0
2023-10-02,966.0,980.0,959.0,980.0
2023-10-03,980.0,980.0,957.0,957.0
2023-10-04,945.0,954.0,929.0,929.0
2023-10-05,944.0,944.0,934.0,944.0
2023-10-06,930.0,955.0,930.0,947.0
2023-10-10,949.0,951.0,942.0,945.0
2023-10-11,938.0,938.0,905.0,928.0
2023-10-12,924.0,939.0,924.0,930.0
2023-10-13,919.0,923.0,917.0,917.0
2023-10-16,918.0,923.0,918.0,920.0
2023-10-17,923.0,930.0,923.0,923.0
2023-10-18,928.0,949.0,927.0,949.0
2023-10-19,950.0,950.0,940.0,942.0
2023-10-20,932.0,948.0,930.0,940.0
2023-10-23,932.0,945.0,929.0,945.0
2023-10-24,930.0,945.0,928.0,943.0
2023-10-25,949.0,954.0,943.0,951.0
2023-10-26,936.0,936.0,930.0,930.0
2023-10-27,944.0,944.0,928.0,928.0
2023-10-30,928.0,940.0,928.0,940.0
2023-10-31,945.0,945.0,945.0,945.0
2023-11-01,975.0,1050.0,948.0,991.0
2023-11-02,991.0,1000.0,975.0,997.0
2023-11-06,991.0,1019.0,990.0,1019.0
2023-11-07,1010.0,1010.0,976.0,1000.0
2023-11-08,981.0,981.0,967.0,970.0
2023-11-09,970.0,970.0,969.0,969.0
2023-11-10,961.0,963.0,940.0,963.0
2023-11-13,950.0,985.0,950.0,985.0
2023-11-14,970.0,997.0,876.0,898.0
2023-11-15,899.0,940.0,899.0,915.0
2023-11-16,911.0,913.0,911.0,913.0
2023-11-17,908.0,908.0,892.0,897.0
2023-11-20,912.0,925.0,909.0,924.0
2023-11-21,920.0,936.0,912.0,926.0
2023-11-22,926.0,926.0,919.0,919.0
2023-11-24,944.0,945.0,933.0,933.0
2023-11-27,918.0,918.0,910.0,915.0
2023-11-28,915.0,920.0,911.0,920.0
2023-11-29,905.0,920.0,905.0,920.0
2023-11-30,920.0,920.0,906.0,918.0
2023-12-01,910.0,910.0,900.0,903.0
2023-12-04,896.0,910.0,894.0,900.0
2023-12-05,900.0,900.0,897.0,897.0
2023-12-06,897.0,902.0,895.0,902.0
2023-12-07,891.0,900.0,888.0,900.0
2023-12-08,887.0,902.0,887.0,902.0
2023-12-11,900.0,900.0,877.0,885.0
2023-12-12,874.0,881.0,863.0,881.0
2023-12-13,866.0,866.0,855.0,862.0
2023-12-14,860.0,860.0,858.0,858.0
2023-12-15,858.0,870.0,858.0,870.0
2023-12-18,859.0,859.0,849.0,849.0
2023-12-19,849.0,849.0,835.0,840.0
2023-12-20,837.0,839.0,817.0,820.0
2023-12-21,820.0,820.0,809.0,815.0
2023-12-22,815.0,820.0,800.0,800.0
2023-12-25,802.0,802.0,773.0,774.0
2023-12-26,774.0,796.0,774.0,782.0
2023-12-27,782.0,785.0,768.0,776.0
2023-12-28,775.0,795.0,775.0,790.0
2023-12-29,786.0,825.0,786.0,824.0
2024-01-04,800.0,819.0,798.0,813.0
2024-01-05,813.0,835.0,813.0,826.0
2024-01-09,826.0,829.0,825.0,825.0
2024-01-10,825.0,825.0,800.0,815.0
2024-01-11,815.0,823.0,815.0,820.0
2024-01-12,805.0,815.0,801.0,801.0
2024-01-15,810.0,828.0,806.0,809.0
2024-01-16,811.0,811.0,800.0,801.0
2024-01-17,802.0,811.0,801.0,811.0
2024-01-18,811.0,811.0,802.0,802.0
2024-01-19,803.0,836.0,803.0,836.0
2024-01-22,836.0,836.0,812.0,814.0
2024-01-23,815.0,823.0,814.0,823.0
2024-01-24,823.0,835.0,816.0,835.0
2024-01-25,835.0,845.0,835.0,835.0
2024-01-26,835.0,844.0,835.0,844.0
2024-01-29,850.0,855.0,837.0,846.0
2024-01-30,838.0,845.0,828.0,841.0
2024-01-31,844.0,849.0,830.0,840.0
2024-02-01,832.0,841.0,832.0,835.0
2024-02-02,840.0,842.0,834.0,842.0
2024-02-05,841.0,844.0,832.0,844.0
2024-02-06,841.0,844.0,823.0,844.0
2024-02-07,834.0,843.0,831.0,831.0
2024-02-08,830.0,838.0,827.0,835.0
2024-02-09,831.0,845.0,831.0,845.0
2024-02-13,840.0,841.0,840.0,841.0
2024-02-14,830.0,841.0,827.0,841.0
2024-02-15,810.0,813.0,784.0,803.0
2024-02-16,803.0,953.0,770.0,953.0
2024-02-19,1000.0,1103.0,980.0,1103.0
2024-02-20,1133.0,1403.0,1130.0,1403.0
2024-02-21,1531.0,1703.0,1183.0,1703.0
2024-02-22,1743.0,2066.0,1474.0,1770.0
2024-02-26,1650.0,1684.0,1370.0,1370.0
2024-02-27,1300.0,1330.0,1220.0,1230.0
2024-02-28,1211.0,1286.0,1197.0,1219.0
2024-02-29,1243.0,1245.0,1125.0,1128.0
2024-03-01,1128.0,1193.0,1113.0,1165.0
2024-03-04,1165.0,1238.0,1130.0,1206.0
2024-03-05,1175.0,1256.0,1175.0,1214.0
2024-03-06,1201.0,1306.0,1200.0,1306.0
2024-03-07,1292.0,1292.0,1202.0,1207.0
2024-03-08,1200.0,1218.0,1044.0,1064.0
2024-03-11,1042.0,1083.0,1011.0,1019.0
2024-03-12,1019.0,1055.0,1003.0,1042.0
2024-03-13,1051.0,1071.0,993.0,998.0
2024-03-14,968.0,1025.0,960.0,989.0
2024-03-15,980.0,998.0,980.0,991.0
2024-03-18,985.0,998.0,966.0,982.0
2024-03-19,979.0,1022.0,979.0,1004.0
2024-03-21,1014.0,1014.0,984.0,987.0
2024-03-22,1005.0,1013.0,990.0,992.0
2024-03-25,992.0,1142.0,985.0,1054.0
2024-03-26,1024.0,1027.0,937.0,938.0
2024-03-27,943.0,963.0,938.0,949.0
2024-03-28,949.0,953.0,935.0,935.0
2024-03-29,937.0,952.0,934.0,948.0
2024-04-01,951.0,951.0,895.0,900.0
2024-04-02,896.0,906.0,877.0,879.0
2024-04-03,876.0,898.0,858.0,886.0
2024-04-04,901.0,901.0,851.0,854.0
2024-04-05,839.0,849.0,832.0,837.0
2024-04-08,851.0,851.0,833.0,838.0
2024-04-09,840.0,863.0,840.0,860.0
2024-04-10,875.0,875.0,861.0,867.0
2024-04-11,868.0,886.0,868.0,876.0
2024-04-12,871.0,898.0,871.0,892.0
2024-04-15,880.0,890.0,865.0,875.0
2024-04-16,869.0,900.0,869.0,900.0
2024-04-17,905.0,905.0,890.0,904.0
2024-04-18,894.0,904.0,883.0,888.0
2024-04-19,903.0,906.0,851.0,876.0
2024-04-22,854.0,878.0,854.0,878.0
2024-04-23,873.0,876.0,861.0,876.0
2024-04-24,869.0,889.0,868.0,889.0
2024-04-25,874.0,877.0,851.0,868.0
2024-04-26,867.0,871.0,855.0,855.0
2024-04-30,833.0,840.0,814.0,822.0
2024-05-01,822.0,826.0,814.0,819.0
2024-05-02,816.0,848.0,816.0,823.0
2024-05-07,823.0,838.0,823.0,827.0
2024-05-08,824.0,838.0,808.0,828.0
2024-05-09,824.0,848.0,824.0,830.0
2024-05-10,835.0,835.0,835.0,835.0
2024-05-13,830.0,839.0,820.0,831.0
2024-05-14,831.0,846.0,821.0,838.0
2024-05-15,828.0,843.0,823.0,833.0
2024-05-16,861.0,861.0,825.0,840.0
2024-05-17,825.0,840.0,825.0,831.0
2024-05-20,844.0,857.0,844.0,850.0
2024-05-21,850.0,871.0,850.0,869.0
2024-05-22,872.0,872.0,830.0,832.0
2024-05-23,832.0,832.0,822.0,827.0
2024-05-24,835.0,842.0,829.0,842.0
2024-05-27,847.0,847.0,831.0,831.0
2024-05-28,830.0,845.0,821.0,821.0
2024-05-29,822.0,837.0,812.0,812.0
2024-05-30,824.0,830.0,815.0,825.0
2024-05-31,821.0,830.0,814.0,829.0
2024-06-05,834.0,834.0,819.0,829.0
2024-06-06,821.0,925.0,821.0,863.0
2024-06-07,856.0,990.0,834.0,945.0
2024-06-10,921.0,1086.0,915.0,970.0
2024-06-11,979.0,1050.0,979.0,1005.0
2024-06-12,1005.0,1080.0,990.0,1024.0
2024-06-13,1049.0,1160.0,1012.0,1085.0
2024-06-14,1065.0,1090.0,892.0,892.0
2024-06-17,880.0,940.0,850.0,861.0
2024-06-18,853.0,869.0,842.0,854.0
2024-06-19,854.0,863.0,848.0,848.0
2024-06-20,845.0,859.0,840.0,851.0
2024-06-21,850.0,850.0,828.0,830.0
2024-06-24,824.0,845.0,822.0,843.0
2024-06-25,840.0,840.0,832.0,834.0
2024-06-26,834.0,870.0,834.0,850.0
2024-06-27,847.0,862.0,837.0,862.0
2024-06-28,847.0,860.0,847.0,860.0
2024-07-01,845.0,860.0,845.0,851.0
2024-07-02,860.0,860.0,850.0,850.0
2024-07-03,850.0,860.0,842.0,860.0
2024-07-04,845.0,858.0,845.0,855.0
2024-07-05,842.0,857.0,842.0,855.0
2024-07-08,853.0,855.0,853.0,854.0
2024-07-11,839.0,839.0,839.0,839.0
2024-07-12,840.0,845.0,840.0,843.0
2024-07-16,841.0,855.0,841.0,855.0
2024-07-17,855.0,859.0,855.0,859.0
2024-07-18,844.0,859.0,844.0,858.0
2024-07-19,854.0,854.0,846.0,846.0
2024-07-22,848.0,848.0,828.0,840.0
2024-07-23,840.0,873.0,836.0,865.0
2024-07-24,850.0,855.0,839.0,850.0
2024-07-25,835.0,853.0,835.0,839.0
2024-07-26,837.0,844.0,834.0,834.0
2024-07-29,863.0,863.0,835.0,835.0
2024-07-30,834.0,858.0,831.0,839.0
2024-07-31,844.0,844.0,835.0,835.0
2024-08-01,833.0,845.0,829.0,830.0
2024-08-02,830.0,830.0,771.0,774.0
2024-08-05,750.0,750.0,624.0,624.0
2024-08-06,624.0,676.0,615.0,640.0
2024-08-07,621.0,669.0,615.0,650.0
2024-08-08,640.0,708.0,640.0,705.0
2024-08-09,701.0,702.0,694.0,694.0
2024-08-13,694.0,694.0,694.0,694.0
2024-08-14,705.0,720.0,705.0,710.0
2024-08-15,710.0,724.0,706.0,706.0
2024-08-16,730.0,735.0,729.0,729.0
2024-08-19,740.0,745.0,713.0,713.0
2024-08-20,715.0,750.0,715.0,750.0
2024-08-21,735.0,818.0,735.0,781.0
2024-08-22,767.0,767.0,741.0,741.0
2024-08-23,756.0,805.0,756.0,771.0
2024-08-26,756.0,770.0,756.0,761.0
2024-08-27,761.0,780.0,755.0,756.0
2024-08-28,756.0,756.0,756.0,756.0
2024-08-29,758.0,773.0,758.0,773.0
2024-08-30,767.0,788.0,767.0,773.0
2024-09-02,798.0,809.0,785.0,809.0
2024-09-03,819.0,819.0,816.0,816.0
2024-09-04,787.0,800.0,760.0,789.0
2024-09-05,787.0,787.0,764.0,769.0
2024-09-06,764.0,770.0,764.0,767.0
2024-09-09,763.0,763.0,735.0,735.0
2024-09-10,773.0,773.0,758.0,758.0
2024-09-11,752.0,752.0,735.0,735.0
2024-09-12,745.0,749.0,745.0,749.0
2024-09-13,740.0,740.0,735.0,735.0
2024-09-17,726.0,726.0,723.0,723.0
2024-09-18,723.0,723.0,723.0,723.0
2024-09-19,723.0,727.0,723.0,727.0
2024-09-20,727.0,727.0,724.0,724.0
2024-09-24,730.0,757.0,730.0,757.0
2024-09-25,786.0,892.0,760.0,769.0
2024-09-26,770.0,775.0,750.0,753.0
2024-09-27,760.0,773.0,750.0,760.0
2024-09-30,745.0,758.0,742.0,756.0
2024-10-01,753.0,754.0,740.0,741.0
2024-10-02,736.0,750.0,735.0,747.0
2024-10-03,732.0,750.0,721.0,750.0
2024-10-04,752.0,769.0,747.0,747.0
2024-10-07,747.0,762.0,743.0,755.0
2024-10-08,740.0,759.0,740.0,759.0
2024-10-09,744.0,757.0,744.0,746.0
2024-10-10,759.0,759.0,759.0,759.0
2024-10-11,757.0,758.0,757.0,758.0
2024-10-15,746.0,757.0,741.0,755.0
2024-10-16,752.0,752.0,737.0,742.0
2024-10-17,740.0,740.0,730.0,730.0
2024-10-18,730.0,759.0,730.0,759.0
2024-10-21,744.0,744.0,734.0,734.0
2024-10-22,740.0,740.0,736.0,736.0
2024-10-23,730.0,736.0,720.0,736.0
2024-10-24,731.0,740.0,726.0,740.0
2024-10-25,733.0,736.0,720.0,736.0
2024-10-28,738.0,738.0,738.0,738.0
2024-10-29,740.0,757.0,740.0,757.0
2024-11-06,750.0,750.0,736.0,749.0
2024-11-11,736.0,747.0,736.0,747.0
2024-11-12,744.0,745.0,744.0,745.0
2024-11-13,745.0,750.0,744.0,750.0
2024-11-14,744.0,758.0,740.0,744.0
2024-11-15,733.0,733.0,716.0,716.0
2024-11-18,730.0,730.0,730.0,730.0
2024-11-19,715.0,728.0,715.0,728.0
2024-11-20,728.0,728.0,718.0,718.0
2024-11-21,719.0,730.0,718.0,718.0
2024-11-22,711.0,717.0,711.0,715.0
2024-11-25,720.0,721.0,716.0,721.0
2024-11-26,716.0,735.0,716.0,722.0
2024-11-27,729.0,872.0,728.0,872.0
2024-11-28,1022.0,1022.0,1022.0,1022.0
2024-11-29,827.0,849.0,792.0,792.0
2024-12-02,781.0,817.0,770.0,778.0
2024-12-03,766.0,783.0,758.0,765.0
2024-12-04,755.0,758.0,747.0,747.0
2024-12-05,748.0,751.0,745.0,745.0
2024-12-06,745.0,745.0,728.0,728.0
2024-12-09,733.0,733.0,723.0,725.0
2024-12-10,725.0,730.0,724.0,729.0
2024-12-11,724.0,725.0,721.0,722.0
2024-12-12,725.0,725.0,721.0,721.0
2024-12-13,724.0,724.0,720.0,720.0
2024-12-16,719.0,722.0,717.0,717.0
2024-12-17,717.0,725.0,716.0,725.0
2024-12-18,723.0,723.0,714.0,717.0
2024-12-19,715.0,715.0,708.0,709.0
2024-12-20,709.0,709.0,697.0,703.0
2024-12-23,698.0,700.0,695.0,697.0
2024-12-24,697.0,697.0,691.0,691.0
2024-12-25,691.0,693.0,684.0,692.0
2024-12-26,684.0,690.0,683.0,688.0
2024-12-27,685.0,692.0,680.0,687.0
2024-12-30,686.0,699.0,686.0,692.0
2025-01-06,692.0,706.0,692.0,706.0
2025-01-07,706.0,720.0,700.0,720.0
2025-01-08,720.0,731.0,719.0,731.0
2025-01-09,735.0,737.0,724.0,737.0
2025-01-10,729.0,737.0,725.0,737.0
2025-01-14,722.0,732.0,720.0,720.0
2025-01-15,727.0,735.0,722.0,735.0
2025-01-16,735.0,744.0,727.0,744.0
2025-01-17,742.0,742.0,735.0,740.0
2025-01-20,743.0,764.0,743.0,761.0
2025-01-21,766.0,786.0,756.0,780.0
2025-01-22,779.0,784.0,772.0,773.0
2025-01-23,772.0,772.0,763.0,763.0
2025-01-24,773.0,783.0,768.0,780.0
2025-01-27,787.0,788.0,773.0,773.0
2025-01-28,773.0,777.0,772.0,777.0
2025-01-29,777.0,782.0,777.0,782.0
2025-01-30,774.0,774.0,770.0,770.0
2025-01-31,767.0,768.0,760.0,768.0
2025-02-03,774.0,774.0,768.0,770.0
2025-02-04,761.0,761.0,760.0,760.0
2025-02-05,760.0,770.0,753.0,767.0
2025-02-06,765.0,765.0,759.0,760.0
2025-02-12,760.0,762.0,759.0,762.0
2025-02-13,747.0,764.0,747.0,764.0
2025-02-14,768.0,777.0,746.0,777.0
2025-02-17,762.0,767.0,756.0,763.0
2025-02-18,754.0,760.0,754.0,760.0
2025-02-19,760.0,761.0,760.0,761.0
2025-02-26,751.0,766.0,741.0,763.0
2025-02-27,751.0,779.0,751.0,777.0
2025-02-28,762.0,767.0,760.0,760.0
2025-03-03,745.0,745.0,745.0,745.0
2025-03-06,755.0,755.0,740.0,740.0
2025-03-07,740.0,767.0,740.0,759.0
2025-03-10,760.0,774.0,760.0,774.0
2025-03-11,774.0,774.0,774.0,774.0
2025-03-12,759.0,764.0,752.0,763.0
2025-03-13,763.0,763.0,755.0,757.0
2025-03-14,757.0,765.0,757.0,757.0
2025-03-17,757.0,767.0,742.0,742.0
2025-03-18,757.0,757.0,726.0,746.0
2025-03-19,743.0,749.0,743.0,749.0
2025-03-21,750.0,752.0,750.0,752.0
2025-03-24,752.0,753.0,752.0,753.0
2025-03-25,753.0,755.0,753.0,755.0
2025-03-26,755.0,776.0,755.0,759.0
2025-03-27,759.0,772.0,759.0,772.0
2025-03-28,776.0,794.0,776.0,791.0
2025-03-31,761.0,767.0,719.0,735.0
2025-04-01,740.0,741.0,740.0,741.0
2025-04-02,730.0,730.0,730.0,730.0
2025-04-03,727.0,748.0,723.0,748.0
2025-04-04,718.0,718.0,700.0,700.0
2025-04-07,631.0,700.0,631.0,641.0
2025-04-08,671.0,692.0,671.0,692.0
2025-04-09,664.0,674.0,664.0,674.0
2025-04-10,700.0,704.0,679.0,704.0
2025-04-11,699.0,700.0,698.0,700.0
2025-04-14,705.0,707.0,705.0,707.0
2025-04-15,722.0,724.0,709.0,709.0
2025-04-16,709.0,709.0,704.0,704.0
2025-04-17,704.0,704.0,704.0,704.0
2025-04-22,710.0,724.0,710.0,717.0
2025-04-23,711.0,711.0,710.0,710.0
2025-04-24,729.0,729.0,712.0,712.0
2025-04-25,712.0,712.0,712.0,712.0
2025-05-01,730.0,735.0,717.0,717.0
2025-05-02,717.0,717.0,717.0,717.0
2025-05-07,718.0,724.0,718.0,724.0
2025-05-08,724.0,726.0,724.0,726.0
2025-05-09,726.0,727.0,716.0,727.0
2025-05-12,725.0,729.0,725.0,729.0
2025-05-13,740.0,740.0,732.0,737.0
2025-05-14,733.0,733.0,719.0,731.0
2025-05-15,730.0,731.0,724.0,731.0
2025-05-16,724.0,730.0,720.0,730.0
2025-05-19,732.0,736.0,724.0,736.0
2025-05-20,731.0,737.0,727.0,732.0
2025-05-21,747.0,766.0,747.0,759.0
2025-05-22,759.0,759.0,741.0,741.0
2025-05-23,741.0,755.0,740.0,741.0
2025-05-26,741.0,741.0,730.0,730.0
2025-05-27,706.0,737.0,702.0,737.0
2025-05-28,733.0,733.0,723.0,724.0
2025-05-29,718.0,733.0,718.0,728.0
2025-05-30,723.0,729.0,716.0,717.0
2025-06-02,717.0,731.0,717.0,726.0
2025-06-03,726.0,739.0,725.0,725.0
2025-06-04,730.0,738.0,725.0,725.0
2025-06-05,725.0,734.0,725.0,726.0
2025-06-06,740.0,740.0,735.0,735.0
2025-06-09,734.0,741.0,734.0,741.0
2025-06-10,736.0,762.0,736.0,751.0
2025-06-11,751.0,766.0,751.0,766.0
2025-06-12,767.0,767.0,767.0,767.0
2025-06-13,767.0,784.0,762.0,766.0
2025-06-16,766.0,766.0,744.0,750.0
2025-06-17,750.0,762.0,745.0,751.0
2025-06-18,753.0,766.0,753.0,766.0
2025-06-19,871.0,916.0,802.0,916.0
2025-06-20,871.0,885.0,797.0,797.0
2025-06-23,800.0,947.0,800.0,947.0
2025-06-24,872.0,900.0,823.0,829.0
2025-06-25,829.0,853.0,811.0,822.0
2025-06-26,826.0,845.0,789.0,790.0
2025-06-27,800.0,800.0,776.0,779.0
2025-06-30,777.0,820.0,777.0,793.0
2025-07-01,785.0,807.0,784.0,794.0
2025-07-02,800.0,800.0,780.0,781.0
2025-07-03,781.0,781.0,775.0,776.0
2025-07-04,774.0,784.0,755.0,768.0
2025-07-07,761.0,763.0,752.0,752.0
2025-07-08,755.0,795.0,755.0,786.0
2025-07-09,786.0,819.0,762.0,767.0
2025-07-10,777.0,784.0,771.0,775.0
2025-07-11,781.0,783.0,777.0,779.0
2025-07-14,794.0,799.0,783.0,786.0
2025-07-15,795.0,880.0,775.0,820.0
2025-07-16,816.0,840.0,804.0,837.0
2025-07-17,833.0,873.0,830.0,870.0
2025-07-18,868.0,876.0,830.0,869.0
2025-07-22,873.0,874.0,841.0,859.0
2025-07-23,866.0,1009.0,825.0,1009.0
2025-07-24,1090.0,1300.0,1081.0,1081.0
2025-07-25,1077.0,1174.0,1050.0,1115.0
2025-07-28,1125.0,1220.0,1115.0,1208.0
2025-07-29,1207.0,1207.0,1148.0,1148.0
2025-07-30,1163.0,1163.0,1116.0,1116.0
2025-07-31,1146.0,1178.0,1124.0,1157.0
2025-08-01,1185.0,1185.0,1157.0,1158.0
2025-08-04,1155.0,1173.0,1148.0,1158.0
2025-08-05,1184.0,1189.0,1161.0,1162.0
2025-08-06,1156.0,1172.0,1152.0,1152.0
2025-08-07,1165.0,1195.0,1155.0,1171.0
2025-08-08,1172.0,1182.0,1150.0,1160.0
2025-08-12,1160.0,1170.0,1151.0,1156.0
2025-08-13,1186.0,1186.0,1158.0,1171.0
2025-08-14,1171.0,1236.0,1161.0,1180.0
2025-08-15,1217.0,1217.0,1180.0,1210.0
2025-08-18,1216.0,1260.0,1216.0,1252.0
2025-08-19,1259.0,1259.0,1227.0,1235.0
2025-08-20,1251.0,1251.0,1211.0,1226.0
2025-08-21,1241.0,1250.0,1224.0,1239.0
2025-08-22,1255.0,1296.0,1240.0,1260.0
2025-08-25,1290.0,1320.0,1275.0,1301.0
2025-08-26,1318.0,1318.0,1240.0,1252.0
2025-08-27,1258.0,1258.0,1212.0,1228.0
2025-08-28,1235.0,1327.0,1234.0,1327.0
2025-08-29,1327.0,1327.0,1282.0,1286.0
2025-09-01,1286.0,1459.0,1286.0,1334.0
2025-09-02,1334.0,1390.0,1323.0,1327.0
2025-09-03,1337.0,1337.0,1258.0,1285.0
2025-09-04,1307.0,1330.0,1286.0,1288.0
2025-09-05,1292.0,1320.0,1288.0,1289.0
2025-09-08,1317.0,1360.0,1312.0,1314.0
2025-09-09,1322.0,1322.0,1284.0,1292.0
2025-09-10,1312.0,1312.0,1288.0,1288.0
2025-09-11,1288.0,1310.0,1287.0,1287.0
2025-09-12,1308.0,1308.0,1252.0,1252.0
2025-09-16,1253.0,1274.0,1230.0,1231.0
2025-09-17,1222.0,1260.0,1218.0,1218.0
2025-09-18,1206.0,1218.0,1188.0,1207.0
2025-09-19,1237.0,1245.0,1208.0,1245.0
2025-09-22,1251.0,1265.0,1242.0,1247.0
2025-09-24,1247.0,1295.0,1247.0,1286.0
2025-09-25,1283.0,1306.0,1275.0,1278.0
2025-09-26,1290.0,1290.0,1245.0,1271.0
2025-09-29,1091.0,1096.0,1036.0,1050.0
2025-09-30,1043.0,1058.0,1003.0,1003.0
2025-10-01,1005.0,1005.0,939.0,939.0
2025-10-02,954.0,969.0,941.0,947.0
2025-10-03,947.0,988.0,947.0,972.0
2025-10-06,982.0,1036.0,982.0,1008.0
2025-10-07,1005.0,1015.0,996.0,996.0
2025-10-08,996.0,1017.0,995.0,1011.0
2025-10-09,1001.0,1010.0,995.0,1000.0
2025-10-10,997.0,997.0,953.0,955.0
2025-10-14,940.0,955.0,940.0,942.0
2025-10-15,945.0,975.0,941.0,972.0
2025-10-16,975.0,975.0,965.0,969.0
2025-10-17,969.0,969.0,950.0,950.0
2025-10-20,956.0,969.0,956.0,967.0
2025-10-21,982.0,982.0,954.0,973.0
2025-10-22,958.0,980.0,958.0,972.0
2025-10-23,962.0,989.0,962.0,989.0
2025-10-24,974.0,991.0,974.0,988.0
2025-10-27,973.0,996.0,973.0,995.0
2025-10-28,980.0,995.0,980.0,992.0
2025-10-31,980.0,980.0,950.0,951.0
2025-11-04,948.0,958.0,923.0,924.0
2025-11-05,935.0,935.0,921.0,926.0
2025-11-06,928.0,935.0,912.0,913.0
2025-11-07,912.0,917.0,912.0,912.0
2025-11-10,912.0,922.0,890.0,905.0
2025-11-11,916.0,927.0,915.0,923.0
2025-11-12,926.0,946.0,906.0,939.0
2025-11-13,939.0,959.0,938.0,957.0
2025-11-14,927.0,1000.0,926.0,974.0
2025-11-17,975.0,975.0,911.0,919.0
2025-11-18,916.0,924.0,873.0,880.0
2025-11-19,888.0,895.0,862.0,864.0
2025-11-20,879.0,888.0,874.0,880.0
2025-11-21,875.0,879.0,867.0,868.0
2025-11-25,890.0,890.0,867.0,867.0
2025-11-26,867.0,887.0,867.0,877.0
2025-11-27,877.0,897.0,877.0,892.0
2025-11-28,892.0,895.0,883.0,895.0
2025-12-01,896.0,896.0,887.0,895.0
2025-12-02,895.0,895.0,888.0,895.0
2025-12-03,893.0,895.0,885.0,895.0
2025-12-04,885.0,885.0,884.0,884.0
2025-12-05,884.0,884.0,871.0,871.0
2025-12-08,874.0,879.0,872.0,873.0
2025-12-09,879.0,881.0,870.0,871.0
2025-12-10,880.0,880.0,869.0,875.0
2025-12-11,876.0,876.0,870.0,876.0
2025-12-12,875.0,875.0,869.0,873.0
2025-12-15,873.0,880.0,872.0,879.0
2025-12-16,879.0,879.0,872.0,875.0
2025-12-17,874.0,878.0,873.0,878.0
2025-12-18,880.0,910.0,878.0,910.0
2025-12-19,918.0,929.0,909.0,913.0
2025-12-22,912.0,926.0,912.0,912.0
2025-12-23,905.0,912.0,904.0,908.0
2025-12-24,908.0,917.0,906.0,917.0
2025-12-25,916.0,916.0,902.0,902.0
2025-12-26,912.0,919.0,901.0,904.0
2025-12-29,913.0,913.0,891.0,897.0
2025-12-30,897.0,974.0,897.0,931.0
2026-01-05,946.0,954.0,920.0,931.0
2026-01-06,954.0,956.0,937.0,956.0
2026-01-07,960.0,965.0,951.0,965.0
2026-01-08,965.0,969.0,956.0,961.0
2026-01-09,967.0,968.0,967.0,968.0
2026-01-13,971.0,981.0,970.0,978.0
2026-01-14,981.0,1034.0,975.0,1017.0
2026-01-15,1019.0,1025.0,1005.0,1009.0
2026-01-16,1009.0,1009.0,998.0,1009.0
2026-01-19,1009.0,1080.0,1009.0,1027.0
2026-01-20,1021.0,1039.0,1021.0,1035.0
2026-01-21,1035.0,1035.0,1003.0,1003.0
2026-01-22,1004.0,1013.0,1003.0,1003.0
2026-01-23,1002.0,1028.0,1000.0,1028.0
2026-01-26,1004.0,1056.0,1004.0,1056.0
2026-01-27,1050.0,1050.0,1015.0,1015.0
2026-01-28,1015.0,1017.0,1007.0,1007.0
2026-01-29,1007.0,1025.0,1007.0,1021.0
2026-01-30,1022.0,1032.0,1014.0,1014.0
2026-02-02,1014.0,1014.0,1005.0,1005.0
2026-02-03,1012.0,1025.0,1010.0,1025.0
2026-02-04,1010.0,1017.0,1006.0,1017.0
2026-02-05,1019.0,1020.0,1018.0,1018.0
2026-02-06,1016.0,1016.0,993.0,999.0
2026-02-09,1013.0,1014.0,998.0,998.0
2026-02-10,1008.0,1008.0,980.0,980.0
2026-02-12,981.0,998.0,979.0,998.0
2026-02-13,994.0,1069.0,992.0,1056.0
2026-02-16,1065.0,1075.0,1019.0,1033.0
2026-02-17,1019.0,1027.0,1002.0,1002.0
2026-02-18,1006.0,1012.0,1006.0,1012.0
2026-02-19,1015.0,1015.0,1006.0,1012.0
2026-02-20,1005.0,1014.0,1005.0,1014.0
2026-02-24,1044.0,1044.0,1023.0,1038.0
2026-02-25,1038.0,1040.0,1020.0,1032.0
2026-02-26,1032.0,1035.0,1020.0,1020.0
2026-02-27,1020.0,1025.0,1020.0,1020.0
2026-03-02,1019.0,1027.0,1018.0,1025.0
2026-03-03,1017.0,1017.0,1017.0,1017.0
2026-03-04,1000.0,1000.0,985.0,985.0
2026-03-05,991.0,1007.0,988.0,988.0
2026-03-06,985.0,998.0,985.0,986.0
2026-03-09,972.0,975.0,912.0,935.0
2026-03-10,965.0,965.0,950.0,950.0
2026-03-11,960.0,968.0,958.0,958.0
2026-03-12,948.0,959.0,948.0,952.0
2026-03-13,952.0,960.0,950.0,950.0
2026-03-16,959.0,980.0,959.0,963.0
2026-03-17,963.0,963.0,957.0,957.0
2026-03-18,957.0,981.0,957.0,959.0
2026-03-19,961.0,966.0,945.0,945.0
2026-03-23,919.0,949.0,911.0,930.0
2026-03-24,920.0,921.0,920.0,921.0
2026-03-25,945.0,970.0,930.0,970.0
2026-03-26,970.0,977.0,959.0,959.0
2026-03-27,945.0,1023.0,945.0,1023.0
2026-03-30,963.0,963.0,945.0,962.0
2026-03-31,977.0,977.0,960.0,960.0
2026-04-01,975.0,1021.0,975.0,1021.0
2026-04-02,1021.0,1045.0,1021.0,1035.0
2026-04-03,1020.0,1035.0,995.0,997.0
2026-04-06,1011.0,1031.0,1011.0,1031.0
2026-04-07,1035.0,1035.0,1031.0,1031.0
2026-04-08,1030.0,1031.0,999.0,1000.0
2026-04-09,1005.0,1033.0,1005.0,1033.0
2026-04-10,1025.0,1030.0,1010.0,1010.0
2026-04-13,1040.0,1057.0,1038.0,1055.0
2026-04-14,1047.0,1050.0,1020.0,1020.0
2026-04-15,1025.0,1049.0,1025.0,1034.0
2026-04-16,1063.0,1063.0,1035.0,1039.0
2026-04-17,1039.0,1041.0,1027.0,1029.0
2026-04-20,1026.0,1041.0,1021.0,1021.0
2026-04-21,1023.0,1040.0,1023.0,1027.0
2026-04-22,1035.0,1035.0,1035.0,1035.0
2026-04-23,1035.0,1035.0,1017.0,1017.0
2026-04-24,1020.0,1020.0,1018.0,1019.0
2026-04-27,1009.0,1017.0,999.0,1000.0
2026-04-28,1007.0,1007.0,1007.0,1007.0
2026-04-30,1021.0,1032.0,1021.0,1032.0
2026-05-01,1037.0,1048.0,1037.0,1048.0
2026-05-07,1054.0,1070.0,1054.0,1069.0
2026-05-08,1074.0,1074.0,1033.0,1033.0
2026-05-11,1063.0,1063.0,1060.0,1060.0
2026-05-12,1060.0,1080.0,1060.0,1080.0
2026-05-13,1080.0,1080.0,1053.0,1054.0
2026-05-14,1032.0,1053.0,1032.0,1033.0
2026-05-15,1032.0,1063.0,971.0,971.0
2026-05-18,986.0,997.0,954.0,969.0
2026-05-19,984.0,987.0,971.0,987.0
2026-05-20,995.0,1137.0,960.0,1137.0
2026-05-21,1107.0,1125.0,1035.0,1078.0
2026-05-22,1108.0,1108.0,992.0,1063.0
2026-05-25,1063.0,1065.0,1046.0,1046.0
2026-05-26,1031.0,1042.0,1020.0,1042.0
2026-05-27,1062.0,1062.0,1041.0,1041.0
2026-05-28,1025.0,1038.0,1013.0,1013.0
2026-05-29,1004.0,1049.0,1004.0,1049.0
2026-06-01,1050.0,1050.0,1050.0,1050.0
2026-06-02,1062.0,1096.0,1041.0,1077.0
2026-06-03,1077.0,1094.0,1050.0,1050.0
2026-06-04,1050.0,1050.0,1050.0,1050.0
2026-06-05,1050.0,1077.0,1043.0,1043.0
2026-06-08,1043.0,1043.0,1025.0,1027.0
2026-06-09,1031.0,1045.0,1028.0,1045.0
2026-06-10,1052.0,1052.0,1009.0,1015.0
2026-06-11,1015.0,1015.0,1005.0,1005.0
2026-06-12,1005.0,1015.0,1005.0,1008.0
2026-06-15,1030.0,1030.0,1029.0,1029.0
2026-06-16,1018.0,1028.0,1010.0,1010.0
2026-06-17,1010.0,1028.0,1010.0,1014.0
2026-06-18,1014.0,1014.0,1013.0,1013.0
2026-06-19,1020.0,1028.0,1017.0,1020.0
2026-06-22,1070.0,1288.0,1070.0,1118.0
2026-06-23,1165.0,1210.0,1155.0,1161.0
2026-06-24,1171.0,1188.0,1149.0,1180.0
2026-06-25,1180.0,1180.0,1160.0,1162.0
2026-06-26,1162.0,1180.0,1155.0,1164.0
2026-06-29,1200.0,1201.0,1171.0,1185.0
2026-06-30,1190.0,1269.0,1190.0,1237.0
2026-07-01,1240.0,1256.0,1204.0,1225.0
2026-07-02,1242.0,1244.0,1227.0,1234.0
2026-07-03,1234.0,1243.0,1218.0,1240.0
2026-07-06,1238.0,1268.0,1235.0,1249.0
2026-07-07,1249.0,1255.0,1235.0,1249.0
2026-07-08,1249.0,1265.0,1249.0,1252.0
2026-07-09,1264.0,1265.0,1254.0,1265.0
2026-07-10,1260.0,1270.0,1260.0,1270.0
2026-07-13,1270.0,1284.0,1260.0,1262.0
2026-07-14,1262.0,1272.0,1250.0,1270.0
2026-07-15,1253.0,1285.0,1241.0,1241.0
2026-07-16,1241.0,1246.0,1237.0,1237.0
2026-07-17,1230.0,1230.0,1196.0,1196.0
2026-07-21,1223.0,1233.0,1200.0,1201.0
2026-07-22,1201.0,1227.0,1200.0,1200.0
2026-07-23,1230.0,1230.0,1199.0,1199.0
2026-07-24,1196.0,1196.0,1178.0,1178.0
2026-07-27,1191.0,1245.0,1180.0,1184.0
2026-07-28,1187.0,1239.0,1187.0,1229.0
2026-07-29,1229.0,1244.0,1221.0,1244.0
2026-07-30,1244.0,1252.0,1240.0,1252.0
2026-07-31,1256.0,1287.0,1256.0,1271.0
2026-08-03,1282.0,1282.0,1257.0,1272.0
2026-08-04,1272.0,1280.0,1270.0,1280.0
2026-08-05,1280.0,1280.0,1275.0,1280.0
