Date,Code,Open,High,Low,Close,UpperLimit,LowerLimit,Volume,TurnoverValue,AdjustmentFactor,AdjustmentOpen,AdjustmentHigh,AdjustmentLow,AdjustmentClose,AdjustmentVolume
2023-09-06,2375,253.0,254.0,251.0,251.0,0,0,49000.0,12354300.0,1.0,253.0,254.0,251.0,251.0,49000.0
2023-09-07,2375,252.0,254.0,251.0,252.0,0,0,39200.0,9904400.0,1.0,252.0,254.0,251.0,252.0,39200.0
2023-09-08,2375,252.0,254.0,252.0,253.0,0,0,17200.0,4347900.0,1.0,252.0,254.0,252.0,253.0,17200.0
2023-09-11,2375,253.0,254.0,251.0,254.0,0,0,65600.0,16572100.0,1.0,253.0,254.0,251.0,254.0,65600.0
2023-09-12,2375,294.0,334.0,291.0,334.0,1,0,3389700.0,1083960300.0,1.0,294.0,334.0,291.0,334.0,3389700.0
2023-09-13,2375,362.0,414.0,355.0,414.0,1,0,1767600.0,663059900.0,1.0,362.0,414.0,355.0,414.0,1767600.0
2023-09-14,2375,430.0,442.0,345.0,390.0,0,0,10140400.0,3939064700.0,1.0,430.0,442.0,345.0,390.0,10140400.0
2023-09-15,2375,371.0,392.0,351.0,370.0,0,0,2883200.0,1064721500.0,1.0,371.0,392.0,351.0,370.0,2883200.0
2023-09-19,2375,369.0,369.0,338.0,343.0,0,0,1686900.0,587787300.0,1.0,369.0,369.0,338.0,343.0,1686900.0
2023-09-20,2375,349.0,380.0,346.0,368.0,0,0,2882200.0,1048717500.0,1.0,349.0,380.0,346.0,368.0,2882200.0
2023-09-21,2375,376.0,384.0,332.0,339.0,0,0,2791200.0,995524300.0,1.0,376.0,384.0,332.0,339.0,2791200.0
2023-09-22,2375,326.0,345.0,323.0,339.0,0,0,812000.0,270833200.0,1.0,326.0,345.0,323.0,339.0,812000.0
2023-09-25,2375,341.0,347.0,336.0,336.0,0,0,295800.0,100668200.0,1.0,341.0,347.0,336.0,336.0,295800.0
2023-09-26,2375,334.0,334.0,314.0,314.0,0,0,477300.0,154876400.0,1.0,334.0,334.0,314.0,314.0,477300.0
2023-09-27,2375,385.0,394.0,364.0,375.0,1,0,6147300.0,2354270900.0,1.0,385.0,394.0,364.0,375.0,6147300.0
2023-09-28,2375,359.0,362.0,337.0,342.0,0,0,1821900.0,639986700.0,1.0,359.0,362.0,337.0,342.0,1821900.0
2023-09-29,2375,346.0,385.0,340.0,376.0,0,0,1140900.0,409110600.0,1.0,346.0,385.0,340.0,376.0,1140900.0
2023-10-02,2375,396.0,456.0,387.0,445.0,1,0,6173100.0,2643750200.0,1.0,396.0,456.0,387.0,445.0,6173100.0
2023-10-03,2375,477.0,520.0,445.0,520.0,0,0,19189500.0,9174159100.0,1.0,477.0,520.0,445.0,520.0,19189500.0
2023-10-04,2375,500.0,615.0,486.0,580.0,0,0,22138500.0,12489643000.0,1.0,500.0,615.0,486.0,580.0,22138500.0
2023-10-05,2375,610.0,647.0,552.0,647.0,0,0,8986500.0,5355414000.0,1.0,610.0,647.0,552.0,647.0,8986500.0
2023-10-06,2375,677.0,747.0,651.0,747.0,1,0,5928700.0,4098782800.0,1.0,677.0,747.0,651.0,747.0,5928700.0
2023-10-10,2375,896.0,896.0,762.0,859.0,0,0,11621600.0,9607880300.0,1.0,896.0,896.0,762.0,859.0,11621600.0
2023-10-11,2375,830.0,999.0,796.0,999.0,0,0,10669400.0,9265344700.0,1.0,830.0,999.0,796.0,999.0,10669400.0
2023-10-12,2375,1009.0,1149.0,982.0,1149.0,1,0,8833600.0,9685441000.0,1.0,1009.0,1149.0,982.0,1149.0,8833600.0
2023-10-13,2375,1060.0,1142.0,849.0,908.0,0,1,13495700.0,13421460300.0,1.0,1060.0,1142.0,849.0,908.0,13495700.0
2023-10-16,2375,818.0,843.0,758.0,758.0,0,1,2426300.0,1918495200.0,1.0,818.0,843.0,758.0,758.0,2426300.0
2023-10-17,2375,704.0,784.0,633.0,693.0,0,0,10434400.0,7344022200.0,1.0,704.0,784.0,633.0,693.0,10434400.0
2023-10-18,2375,748.0,793.0,735.0,792.0,1,0,9166900.0,7064959000.0,1.0,748.0,793.0,735.0,792.0,9166900.0
2023-10-19,2375,747.0,784.0,672.0,695.0,0,0,5359100.0,3889283500.0,1.0,747.0,784.0,672.0,695.0,5359100.0
2023-10-20,2375,746.0,794.0,738.0,784.0,0,0,5302400.0,4065878800.0,1.0,746.0,794.0,738.0,784.0,5302400.0
2023-10-23,2375,919.0,934.0,881.0,934.0,1,0,2929900.0,2701501600.0,1.0,919.0,934.0,881.0,934.0,2929900.0
2023-10-24,2375,994.0,1060.0,843.0,1042.0,0,0,8274200.0,8060094600.0,1.0,994.0,1060.0,843.0,1042.0,8274200.0
2023-10-25,2375,1015.0,1057.0,918.0,992.0,0,0,3700900.0,3746004800.0,1.0,1015.0,1057.0,918.0,992.0,3700900.0
2023-10-26,2375,940.0,982.0,842.0,842.0,0,1,2658100.0,2399451700.0,1.0,940.0,982.0,842.0,842.0,2658100.0
2023-10-27,2375,827.0,894.0,800.0,842.0,0,0,2387100.0,2009878500.0,1.0,827.0,894.0,800.0,842.0,2387100.0
2023-10-30,2375,890.0,984.0,867.0,984.0,1,0,2964200.0,2792743600.0,1.0,890.0,984.0,867.0,984.0,2964200.0
2023-10-31,2375,999.0,1010.0,892.0,916.0,0,0,3619900.0,3404666300.0,1.0,999.0,1010.0,892.0,916.0,3619900.0
2023-11-01,2375,915.0,997.0,866.0,970.0,0,0,3788000.0,3532521000.0,1.0,915.0,997.0,866.0,970.0,3788000.0
2023-11-02,2375,967.0,999.0,931.0,943.0,0,0,2694700.0,2598848300.0,1.0,967.0,999.0,931.0,943.0,2694700.0
2023-11-06,2375,958.0,979.0,896.0,915.0,0,0,1694200.0,1583336000.0,1.0,958.0,979.0,896.0,915.0,1694200.0
2023-11-07,2375,910.0,914.0,838.0,839.0,0,0,2077400.0,1808074500.0,1.0,910.0,914.0,838.0,839.0,2077400.0
2023-11-08,2375,813.0,835.0,766.0,775.0,0,0,1619600.0,1288022800.0,1.0,813.0,835.0,766.0,775.0,1619600.0
2023-11-09,2375,831.0,910.0,805.0,905.0,0,0,2920200.0,2493705700.0,1.0,831.0,910.0,805.0,905.0,2920200.0
2023-11-10,2375,911.0,955.0,890.0,929.0,0,0,3085700.0,2848163800.0,1.0,911.0,955.0,890.0,929.0,3085700.0
2023-11-13,2375,1004.0,1079.0,960.0,980.0,1,0,7759300.0,7990883600.0,1.0,1004.0,1079.0,960.0,980.0,7759300.0
2023-11-14,2375,951.0,1032.0,925.0,1030.0,0,0,4369000.0,4305550700.0,1.0,951.0,1032.0,925.0,1030.0,4369000.0
2023-11-15,2375,1030.0,1052.0,930.0,963.0,0,0,4537100.0,4515509300.0,1.0,1030.0,1052.0,930.0,963.0,4537100.0
2023-11-16,2375,948.0,971.0,913.0,931.0,0,0,1924100.0,1809987100.0,1.0,948.0,971.0,913.0,931.0,1924100.0
2023-11-17,2375,912.0,952.0,880.0,930.0,0,0,2419700.0,2219183300.0,1.0,912.0,952.0,880.0,930.0,2419700.0
2023-11-20,2375,921.0,964.0,896.0,910.0,0,0,2221600.0,2062237500.0,1.0,921.0,964.0,896.0,910.0,2221600.0
2023-11-21,2375,892.0,902.0,805.0,893.0,0,0,3597200.0,3064939400.0,1.0,892.0,902.0,805.0,893.0,3597200.0
2023-11-22,2375,895.0,900.0,857.0,857.0,0,0,1259000.0,1106396400.0,1.0,895.0,900.0,857.0,857.0,1259000.0
2023-11-24,2375,826.0,862.0,822.0,834.0,0,0,1196800.0,1001395700.0,1.0,826.0,862.0,822.0,834.0,1196800.0
2023-11-27,2375,820.0,874.0,816.0,860.0,0,0,1300800.0,1093321500.0,1.0,820.0,874.0,816.0,860.0,1300800.0
2023-11-28,2375,874.0,886.0,832.0,832.0,0,0,1879900.0,1613123900.0,1.0,874.0,886.0,832.0,832.0,1879900.0
2023-11-29,2375,839.0,842.0,792.0,796.0,0,0,1256500.0,1023176300.0,1.0,839.0,842.0,792.0,796.0,1256500.0
2023-11-30,2375,804.0,858.0,720.0,832.0,0,0,3086400.0,2428541500.0,1.0,804.0,858.0,720.0,832.0,3086400.0
2023-12-01,2375,787.0,821.0,771.0,772.0,0,0,1683800.0,1334685000.0,1.0,787.0,821.0,771.0,772.0,1683800.0
2023-12-04,2375,757.0,769.0,686.0,693.0,0,0,2335900.0,1665023900.0,1.0,757.0,769.0,686.0,693.0,2335900.0
2023-12-05,2375,715.0,736.0,687.0,688.0,0,0,1730900.0,1232716100.0,1.0,715.0,736.0,687.0,688.0,1730900.0
2023-12-06,2375,694.0,694.0,650.0,651.0,0,0,1667500.0,1106719100.0,1.0,694.0,694.0,650.0,651.0,1667500.0
2023-12-07,2375,649.0,653.0,608.0,615.0,0,0,2214700.0,1387608400.0,1.0,649.0,653.0,608.0,615.0,2214700.0
2023-12-08,2375,602.0,613.0,586.0,590.0,0,0,1808600.0,1081117200.0,1.0,602.0,613.0,586.0,590.0,1808600.0
2023-12-11,2375,591.0,600.0,562.0,587.0,0,0,1396400.0,817911100.0,1.0,591.0,600.0,562.0,587.0,1396400.0
2023-12-12,2375,687.0,687.0,687.0,687.0,1,0,50500.0,34693500.0,1.0,687.0,687.0,687.0,687.0,50500.0
2023-12-13,2375,787.0,787.0,787.0,787.0,1,0,90900.0,71538300.0,1.0,787.0,787.0,787.0,787.0,90900.0
2023-12-14,2375,877.0,897.0,710.0,721.0,0,0,11471500.0,9154056100.0,1.0,877.0,897.0,710.0,721.0,11471500.0
2023-12-15,2375,700.0,727.0,661.0,670.0,0,0,4551800.0,3145059700.0,1.0,700.0,727.0,661.0,670.0,4551800.0
2023-12-18,2375,680.0,770.0,655.0,746.0,1,0,6542200.0,4758683000.0,1.0,680.0,770.0,655.0,746.0,6542200.0
2023-12-19,2375,722.0,730.0,683.0,684.0,0,0,2477900.0,1747454100.0,1.0,722.0,730.0,683.0,684.0,2477900.0
2023-12-20,2375,689.0,700.0,654.0,681.0,0,0,1426200.0,962085200.0,1.0,689.0,700.0,654.0,681.0,1426200.0
2023-12-21,2375,671.0,678.0,649.0,649.0,0,0,720500.0,477157700.0,1.0,671.0,678.0,649.0,649.0,720500.0
2023-12-22,2375,640.0,669.0,625.0,632.0,0,0,857400.0,553876800.0,1.0,640.0,669.0,625.0,632.0,857400.0
2023-12-25,2375,630.0,711.0,626.0,652.0,0,0,2278400.0,1519646300.0,1.0,630.0,711.0,626.0,652.0,2278400.0
2023-12-26,2375,650.0,667.0,623.0,633.0,0,0,868300.0,556374900.0,1.0,650.0,667.0,623.0,633.0,868300.0
2023-12-27,2375,630.0,637.0,610.0,613.0,0,0,1007400.0,626081900.0,1.0,630.0,637.0,610.0,613.0,1007400.0
2023-12-28,2375,609.0,631.0,608.0,626.0,0,0,602900.0,375122800.0,1.0,609.0,631.0,608.0,626.0,602900.0
2023-12-29,2375,616.0,637.0,603.0,632.0,0,0,711500.0,443682400.0,1.0,616.0,637.0,603.0,632.0,711500.0
2024-01-04,2375,649.0,649.0,615.0,645.0,0,0,590100.0,370494300.0,1.0,649.0,649.0,615.0,645.0,590100.0
2024-01-05,2375,638.0,672.0,629.0,629.0,0,0,952300.0,619767200.0,1.0,638.0,672.0,629.0,629.0,952300.0
2024-01-09,2375,634.0,652.0,629.0,648.0,0,0,632000.0,406654800.0,1.0,634.0,652.0,629.0,648.0,632000.0
2024-01-10,2375,644.0,670.0,631.0,653.0,0,0,735400.0,481436100.0,1.0,644.0,670.0,631.0,653.0,735400.0
2024-01-11,2375,663.0,663.0,627.0,632.0,0,0,704100.0,449524600.0,1.0,663.0,663.0,627.0,632.0,704100.0
2024-01-12,2375,631.0,632.0,604.0,613.0,0,0,726700.0,446349000.0,1.0,631.0,632.0,604.0,613.0,726700.0
2024-01-15,2375,633.0,713.0,633.0,709.0,1,0,5048500.0,3472277100.0,1.0,633.0,713.0,633.0,709.0,5048500.0
2024-01-16,2375,716.0,740.0,674.0,723.0,0,0,5508400.0,3915712800.0,1.0,716.0,740.0,674.0,723.0,5508400.0
2024-01-17,2375,719.0,745.0,676.0,680.0,0,0,2766700.0,1949482900.0,1.0,719.0,745.0,676.0,680.0,2766700.0
2024-01-18,2375,661.0,670.0,630.0,630.0,0,0,1235700.0,797978000.0,1.0,661.0,670.0,630.0,630.0,1235700.0
2024-01-19,2375,623.0,650.0,623.0,650.0,0,0,783500.0,499585900.0,1.0,623.0,650.0,623.0,650.0,783500.0
2024-01-22,2375,649.0,680.0,638.0,670.0,0,0,1043200.0,690920400.0,1.0,649.0,680.0,638.0,670.0,1043200.0
2024-01-23,2375,680.0,680.0,654.0,662.0,0,0,832700.0,554849100.0,1.0,680.0,680.0,654.0,662.0,832700.0
2024-01-24,2375,651.0,673.0,642.0,651.0,0,0,941600.0,615939300.0,1.0,651.0,673.0,642.0,651.0,941600.0
2024-01-25,2375,652.0,675.0,633.0,667.0,0,0,929900.0,607616200.0,1.0,652.0,675.0,633.0,667.0,929900.0
2024-01-26,2375,657.0,740.0,655.0,720.0,0,0,3002100.0,2128066000.0,1.0,657.0,740.0,655.0,720.0,3002100.0
2024-01-29,2375,705.0,759.0,685.0,697.0,0,0,5145900.0,3719050200.0,1.0,705.0,759.0,685.0,697.0,5145900.0
2024-01-30,2375,694.0,704.0,661.0,669.0,0,0,1503800.0,1011250900.0,1.0,694.0,704.0,661.0,669.0,1503800.0
2024-01-31,2375,687.0,727.0,659.0,663.0,0,0,4011000.0,2771809100.0,1.0,687.0,727.0,659.0,663.0,4011000.0
2024-02-01,2375,643.0,659.0,615.0,652.0,0,0,1831600.0,1169406800.0,1.0,643.0,659.0,615.0,652.0,1831600.0
2024-02-02,2375,649.0,651.0,624.0,631.0,0,0,854100.0,541347200.0,1.0,649.0,651.0,624.0,631.0,854100.0
2024-02-05,2375,617.0,629.0,612.0,626.0,0,0,591300.0,366504100.0,1.0,617.0,629.0,612.0,626.0,591300.0
2024-02-06,2375,623.0,640.0,618.0,629.0,0,0,494100.0,309329300.0,1.0,623.0,640.0,618.0,629.0,494100.0
2024-02-07,2375,630.0,633.0,616.0,626.0,0,0,399000.0,248510800.0,1.0,630.0,633.0,616.0,626.0,399000.0
2024-02-08,2375,622.0,624.0,606.0,606.0,0,0,487600.0,298505200.0,1.0,622.0,624.0,606.0,606.0,487600.0
2024-02-09,2375,590.0,593.0,556.0,562.0,0,0,1335500.0,764558400.0,1.0,590.0,593.0,556.0,562.0,1335500.0
2024-02-13,2375,554.0,567.0,536.0,555.0,0,0,966500.0,533187400.0,1.0,554.0,567.0,536.0,555.0,966500.0
2024-02-14,2375,552.0,563.0,532.0,540.0,0,0,715000.0,388114900.0,1.0,552.0,563.0,532.0,540.0,715000.0
2024-02-15,2375,540.0,569.0,532.0,555.0,0,0,688400.0,378637500.0,1.0,540.0,569.0,532.0,555.0,688400.0
2024-02-16,2375,549.0,567.0,545.0,550.0,0,0,381500.0,211317900.0,1.0,549.0,567.0,545.0,550.0,381500.0
2024-02-19,2375,549.0,559.0,545.0,548.0,0,0,296900.0,163369800.0,1.0,549.0,559.0,545.0,548.0,296900.0
2024-02-20,2375,548.0,586.0,546.0,568.0,0,0,672600.0,382831300.0,1.0,548.0,586.0,546.0,568.0,672600.0
2024-02-21,2375,558.0,668.0,556.0,559.0,1,0,4668700.0,2858739700.0,1.0,558.0,668.0,556.0,559.0,4668700.0
2024-02-22,2375,549.0,550.0,521.0,525.0,0,0,1004400.0,533871200.0,1.0,549.0,550.0,521.0,525.0,1004400.0
2024-02-26,2375,518.0,540.0,511.0,530.0,0,0,601400.0,315680400.0,1.0,518.0,540.0,511.0,530.0,601400.0
2024-02-27,2375,531.0,555.0,524.0,552.0,0,0,378100.0,203780500.0,1.0,531.0,555.0,524.0,552.0,378100.0
2024-02-28,2375,629.0,650.0,578.0,590.0,0,0,3662200.0,2237770900.0,1.0,629.0,650.0,578.0,590.0,3662200.0
2024-02-29,2375,570.0,586.0,565.0,576.0,0,0,664600.0,381430700.0,1.0,570.0,586.0,565.0,576.0,664600.0
2024-03-01,2375,566.0,580.0,547.0,551.0,0,0,569800.0,319791400.0,1.0,566.0,580.0,547.0,551.0,569800.0
2024-03-04,2375,541.0,558.0,537.0,547.0,0,0,363400.0,198198400.0,1.0,541.0,558.0,537.0,547.0,363400.0
2024-03-05,2375,548.0,565.0,537.0,555.0,0,0,369600.0,203120900.0,1.0,548.0,565.0,537.0,555.0,369600.0
2024-03-06,2375,551.0,580.0,547.0,576.0,0,0,516600.0,293218000.0,1.0,551.0,580.0,547.0,576.0,516600.0
2024-03-07,2375,577.0,622.0,571.0,617.0,0,0,1046100.0,627977900.0,1.0,577.0,622.0,571.0,617.0,1046100.0
2024-03-08,2375,607.0,610.0,576.0,577.0,0,0,556000.0,328666200.0,1.0,607.0,610.0,576.0,577.0,556000.0
2024-03-11,2375,557.0,580.0,556.0,576.0,0,0,376800.0,214277400.0,1.0,557.0,580.0,556.0,576.0,376800.0
2024-03-12,2375,583.0,625.0,578.0,625.0,0,0,905500.0,549404400.0,1.0,583.0,625.0,578.0,625.0,905500.0
2024-03-13,2375,685.0,685.0,587.0,589.0,0,0,2872200.0,1805593400.0,1.0,685.0,685.0,587.0,589.0,2872200.0
2024-03-14,2375,579.0,583.0,559.0,569.0,0,0,836900.0,475764700.0,1.0,579.0,583.0,559.0,569.0,836900.0
2024-03-15,2375,564.0,602.0,562.0,597.0,0,0,588800.0,345713000.0,1.0,564.0,602.0,562.0,597.0,588800.0
2024-03-18,2375,588.0,598.0,574.0,592.0,0,0,447800.0,262760500.0,1.0,588.0,598.0,574.0,592.0,447800.0
2024-03-19,2375,585.0,627.0,582.0,614.0,0,0,798400.0,489311000.0,1.0,585.0,627.0,582.0,614.0,798400.0
2024-03-21,2375,610.0,623.0,605.0,611.0,0,0,482700.0,296759300.0,1.0,610.0,623.0,605.0,611.0,482700.0
2024-03-22,2375,612.0,618.0,600.0,610.0,0,0,372200.0,226068500.0,1.0,612.0,618.0,600.0,610.0,372200.0
2024-03-25,2375,609.0,611.0,595.0,603.0,0,0,340300.0,204727500.0,1.0,609.0,611.0,595.0,603.0,340300.0
2024-03-26,2375,602.0,603.0,586.0,591.0,0,0,241200.0,142723500.0,1.0,602.0,603.0,586.0,591.0,241200.0
2024-03-27,2375,594.0,594.0,574.0,578.0,0,0,242100.0,141325200.0,1.0,594.0,594.0,574.0,578.0,242100.0
2024-03-28,2375,578.0,585.0,565.0,565.0,0,0,205400.0,117958100.0,1.0,578.0,585.0,565.0,565.0,205400.0
2024-03-29,2375,565.0,593.0,564.0,587.0,0,0,321500.0,186055800.0,1.0,565.0,593.0,564.0,587.0,321500.0
2024-04-01,2375,592.0,592.0,570.0,571.0,0,0,251800.0,145702600.0,1.0,592.0,592.0,570.0,571.0,251800.0
2024-04-02,2375,568.0,583.0,560.0,568.0,0,0,243800.0,139570200.0,1.0,568.0,583.0,560.0,568.0,243800.0
2024-04-03,2375,559.0,574.0,554.0,560.0,0,0,203500.0,114561000.0,1.0,559.0,574.0,554.0,560.0,203500.0
2024-04-04,2375,564.0,565.0,539.0,539.0,0,0,290600.0,159622100.0,1.0,564.0,565.0,539.0,539.0,290600.0
2024-04-05,2375,537.0,549.0,536.0,545.0,0,0,192900.0,104753800.0,1.0,537.0,549.0,536.0,545.0,192900.0
2024-04-08,2375,545.0,587.0,545.0,566.0,0,0,526000.0,300265400.0,1.0,545.0,587.0,545.0,566.0,526000.0
2024-04-09,2375,567.0,585.0,558.0,583.0,0,0,248800.0,143618400.0,1.0,567.0,585.0,558.0,583.0,248800.0
2024-04-10,2375,574.0,588.0,574.0,581.0,0,0,168900.0,97896700.0,1.0,574.0,588.0,574.0,581.0,168900.0
2024-04-11,2375,574.0,597.0,571.0,589.0,0,0,221700.0,130193700.0,1.0,574.0,597.0,571.0,589.0,221700.0
2024-04-12,2375,589.0,597.0,578.0,590.0,0,0,178000.0,104653100.0,1.0,589.0,597.0,578.0,590.0,178000.0
2024-04-15,2375,580.0,589.0,571.0,580.0,0,0,193400.0,112000700.0,1.0,580.0,589.0,571.0,580.0,193400.0
2024-04-16,2375,570.0,578.0,547.0,550.0,0,0,392100.0,218523000.0,1.0,570.0,578.0,547.0,550.0,392100.0
2024-04-17,2375,555.0,565.0,552.0,560.0,0,0,190900.0,106545500.0,1.0,555.0,565.0,552.0,560.0,190900.0
2024-04-18,2375,556.0,585.0,556.0,571.0,0,0,192900.0,110789100.0,1.0,556.0,585.0,556.0,571.0,192900.0
2024-04-19,2375,570.0,572.0,542.0,557.0,0,0,363500.0,201343500.0,1.0,570.0,572.0,542.0,557.0,363500.0
2024-04-22,2375,551.0,564.0,547.0,563.0,0,0,136600.0,75764600.0,1.0,551.0,564.0,547.0,563.0,136600.0
2024-04-23,2375,564.0,570.0,553.0,553.0,0,0,118400.0,66270200.0,1.0,564.0,570.0,553.0,553.0,118400.0
2024-04-24,2375,551.0,611.0,542.0,590.0,0,0,741800.0,428084000.0,1.0,551.0,611.0,542.0,590.0,741800.0
2024-04-25,2375,580.0,604.0,579.0,597.0,0,0,442100.0,262763800.0,1.0,580.0,604.0,579.0,597.0,442100.0
2024-04-26,2375,592.0,607.0,570.0,571.0,0,0,446500.0,259838400.0,1.0,592.0,607.0,570.0,571.0,446500.0
2024-04-30,2375,575.0,590.0,568.0,585.0,0,0,232100.0,134733600.0,1.0,575.0,590.0,568.0,585.0,232100.0
2024-05-01,2375,595.0,611.0,588.0,607.0,0,0,489900.0,293766800.0,1.0,595.0,611.0,588.0,607.0,489900.0
2024-05-02,2375,605.0,606.0,572.0,573.0,0,0,449900.0,262476200.0,1.0,605.0,606.0,572.0,573.0,449900.0
2024-05-07,2375,577.0,582.0,570.0,575.0,0,0,147200.0,84914200.0,1.0,577.0,582.0,570.0,575.0,147200.0
2024-05-08,2375,571.0,585.0,566.0,579.0,0,0,171500.0,98984300.0,1.0,571.0,585.0,566.0,579.0,171500.0
2024-05-09,2375,584.0,584.0,567.0,581.0,0,0,164000.0,94325600.0,1.0,584.0,584.0,567.0,581.0,164000.0
2024-05-10,2375,576.0,578.0,567.0,568.0,0,0,185700.0,106027300.0,1.0,576.0,578.0,567.0,568.0,185700.0
2024-05-13,2375,568.0,571.0,560.0,568.0,0,0,147400.0,83336100.0,1.0,568.0,571.0,560.0,568.0,147400.0
2024-05-14,2375,572.0,589.0,572.0,575.0,0,0,287000.0,167269400.0,1.0,572.0,589.0,572.0,575.0,287000.0
2024-05-15,2375,566.0,581.0,566.0,569.0,0,0,144500.0,82689800.0,1.0,566.0,581.0,566.0,569.0,144500.0
2024-05-16,2375,570.0,576.0,557.0,576.0,0,0,212000.0,120217500.0,1.0,570.0,576.0,557.0,576.0,212000.0
2024-05-17,2375,567.0,598.0,563.0,596.0,0,0,276500.0,162118500.0,1.0,567.0,598.0,563.0,596.0,276500.0
2024-05-20,2375,586.0,610.0,586.0,598.0,0,0,317200.0,190226400.0,1.0,586.0,610.0,586.0,598.0,317200.0
2024-05-21,2375,590.0,600.0,581.0,582.0,0,0,196500.0,115826100.0,1.0,590.0,600.0,581.0,582.0,196500.0
2024-05-22,2375,580.0,594.0,576.0,591.0,0,0,161300.0,94561100.0,1.0,580.0,594.0,576.0,591.0,161300.0
2024-05-23,2375,597.0,630.0,579.0,622.0,0,0,850000.0,517685600.0,1.0,597.0,630.0,579.0,622.0,850000.0
2024-05-24,2375,603.0,640.0,599.0,603.0,0,0,796100.0,493274500.0,1.0,603.0,640.0,599.0,603.0,796100.0
2024-05-27,2375,603.0,632.0,580.0,622.0,0,0,737300.0,448207600.0,1.0,603.0,632.0,580.0,622.0,737300.0
2024-05-28,2375,622.0,643.0,618.0,623.0,0,0,571400.0,359890300.0,1.0,622.0,643.0,618.0,623.0,571400.0
2024-05-29,2375,650.0,656.0,584.0,584.0,0,0,1439900.0,902514900.0,1.0,650.0,656.0,584.0,584.0,1439900.0
2024-05-30,2375,574.0,647.0,566.0,637.0,0,0,2367500.0,1470764900.0,1.0,574.0,647.0,566.0,637.0,2367500.0
2024-05-31,2375,631.0,670.0,625.0,642.0,0,0,1423300.0,925459300.0,1.0,631.0,670.0,625.0,642.0,1423300.0
2024-06-03,2375,643.0,647.0,625.0,636.0,0,0,308600.0,196092800.0,1.0,643.0,647.0,625.0,636.0,308600.0
2024-06-04,2375,625.0,649.0,625.0,629.0,0,0,334400.0,212522400.0,1.0,625.0,649.0,625.0,629.0,334400.0
2024-06-05,2375,631.0,636.0,623.0,628.0,0,0,262200.0,164726000.0,1.0,631.0,636.0,623.0,628.0,262200.0
2024-06-06,2375,630.0,631.0,615.0,618.0,0,0,241000.0,149636900.0,1.0,630.0,631.0,615.0,618.0,241000.0
2024-06-07,2375,612.0,629.0,609.0,627.0,0,0,163100.0,101256700.0,1.0,612.0,629.0,609.0,627.0,163100.0
2024-06-10,2375,627.0,645.0,626.0,635.0,0,0,282900.0,180372800.0,1.0,627.0,645.0,626.0,635.0,282900.0
2024-06-11,2375,644.0,673.0,636.0,670.0,0,0,800800.0,526597400.0,1.0,644.0,673.0,636.0,670.0,800800.0
2024-06-12,2375,640.0,645.0,618.0,628.0,0,0,1168700.0,734662100.0,1.0,640.0,645.0,618.0,628.0,1168700.0
2024-06-13,2375,623.0,626.0,595.0,595.0,0,0,720000.0,436754500.0,1.0,623.0,626.0,595.0,595.0,720000.0
2024-06-14,2375,588.0,623.0,586.0,607.0,0,0,497100.0,301978700.0,1.0,588.0,623.0,586.0,607.0,497100.0
2024-06-17,2375,609.0,621.0,599.0,600.0,0,0,477700.0,290947700.0,1.0,609.0,621.0,599.0,600.0,477700.0
2024-06-18,2375,599.0,619.0,599.0,608.0,0,0,282400.0,171983000.0,1.0,599.0,619.0,599.0,608.0,282400.0
2024-06-19,2375,628.0,634.0,599.0,610.0,0,0,833200.0,514274300.0,1.0,628.0,634.0,599.0,610.0,833200.0
2024-06-20,2375,602.0,614.0,601.0,608.0,0,0,300400.0,182129100.0,1.0,602.0,614.0,601.0,608.0,300400.0
2024-06-21,2375,601.0,604.0,551.0,555.0,0,0,926500.0,534522900.0,1.0,601.0,604.0,551.0,555.0,926500.0
2024-06-24,2375,565.0,585.0,563.0,578.0,0,0,445400.0,255878800.0,1.0,565.0,585.0,563.0,578.0,445400.0
2024-06-25,2375,583.0,594.0,579.0,591.0,0,0,253600.0,149441300.0,1.0,583.0,594.0,579.0,591.0,253600.0
2024-06-26,2375,591.0,594.0,583.0,587.0,0,0,162800.0,95817000.0,1.0,591.0,594.0,583.0,587.0,162800.0
2024-06-27,2375,586.0,589.0,576.0,578.0,0,0,171500.0,99757400.0,1.0,586.0,589.0,576.0,578.0,171500.0
2024-06-28,2375,579.0,581.0,560.0,562.0,0,0,307500.0,174723400.0,1.0,579.0,581.0,560.0,562.0,307500.0
2024-07-01,2375,558.0,568.0,553.0,559.0,0,0,247400.0,138831100.0,1.0,558.0,568.0,553.0,559.0,247400.0
2024-07-02,2375,559.0,568.0,553.0,560.0,0,0,231300.0,129248800.0,1.0,559.0,568.0,553.0,560.0,231300.0
2024-07-03,2375,561.0,567.0,556.0,564.0,0,0,110600.0,61949100.0,1.0,561.0,567.0,556.0,564.0,110600.0
2024-07-04,2375,562.0,567.0,555.0,555.0,0,0,135800.0,76103300.0,1.0,562.0,567.0,555.0,555.0,135800.0
2024-07-05,2375,562.0,563.0,554.0,557.0,0,0,125000.0,69704200.0,1.0,562.0,563.0,554.0,557.0,125000.0
2024-07-08,2375,557.0,559.0,522.0,529.0,0,0,481200.0,256630900.0,1.0,557.0,559.0,522.0,529.0,481200.0
2024-07-09,2375,526.0,539.0,525.0,531.0,0,0,186300.0,99130000.0,1.0,526.0,539.0,525.0,531.0,186300.0
2024-07-10,2375,527.0,529.0,499.0,511.0,0,0,723400.0,367795000.0,1.0,527.0,529.0,499.0,511.0,723400.0
2024-07-11,2375,515.0,549.0,501.0,537.0,0,0,630200.0,333949800.0,1.0,515.0,549.0,501.0,537.0,630200.0
2024-07-12,2375,534.0,562.0,533.0,552.0,0,0,335700.0,185358800.0,1.0,534.0,562.0,533.0,552.0,335700.0
2024-07-16,2375,549.0,551.0,541.0,547.0,0,0,215700.0,117500300.0,1.0,549.0,551.0,541.0,547.0,215700.0
2024-07-17,2375,545.0,573.0,543.0,572.0,0,0,406100.0,227847500.0,1.0,545.0,573.0,543.0,572.0,406100.0
2024-07-18,2375,562.0,576.0,560.0,567.0,0,0,183200.0,104087100.0,1.0,562.0,576.0,560.0,567.0,183200.0
2024-07-19,2375,574.0,583.0,571.0,572.0,0,0,238000.0,137126600.0,1.0,574.0,583.0,571.0,572.0,238000.0
2024-07-22,2375,579.0,582.0,550.0,555.0,0,0,306400.0,171693800.0,1.0,579.0,582.0,550.0,555.0,306400.0
2024-07-23,2375,551.0,568.0,551.0,556.0,0,0,131000.0,73202300.0,1.0,551.0,568.0,551.0,556.0,131000.0
2024-07-24,2375,554.0,568.0,540.0,549.0,0,0,196100.0,107641900.0,1.0,554.0,568.0,540.0,549.0,196100.0
2024-07-25,2375,540.0,550.0,524.0,524.0,0,0,259900.0,138683400.0,1.0,540.0,550.0,524.0,524.0,259900.0
2024-07-26,2375,527.0,534.0,521.0,521.0,0,0,129200.0,68100500.0,1.0,527.0,534.0,521.0,521.0,129200.0
2024-07-29,2375,523.0,551.0,521.0,550.0,0,0,173300.0,93376400.0,1.0,523.0,551.0,521.0,550.0,173300.0
2024-07-30,2375,552.0,552.0,541.0,552.0,0,0,107900.0,59165400.0,1.0,552.0,552.0,541.0,552.0,107900.0
2024-07-31,2375,550.0,552.0,535.0,552.0,0,0,135600.0,73671100.0,1.0,550.0,552.0,535.0,552.0,135600.0
2024-08-01,2375,548.0,548.0,513.0,527.0,0,0,294000.0,154594000.0,1.0,548.0,548.0,513.0,527.0,294000.0
2024-08-02,2375,502.0,507.0,473.0,482.0,0,0,604900.0,294117300.0,1.0,502.0,507.0,473.0,482.0,604900.0
2024-08-05,2375,402.0,413.0,402.0,402.0,0,1,344000.0,138800900.0,1.0,402.0,413.0,402.0,402.0,344000.0
2024-08-06,2375,397.0,404.0,369.0,370.0,0,0,1169000.0,448437800.0,1.0,397.0,404.0,369.0,370.0,1169000.0
2024-08-07,2375,378.0,428.0,376.0,415.0,0,0,792300.0,322756100.0,1.0,378.0,428.0,376.0,415.0,792300.0
2024-08-08,2375,407.0,420.0,402.0,405.0,0,0,242200.0,99333600.0,1.0,407.0,420.0,402.0,405.0,242200.0
2024-08-09,2375,413.0,422.0,404.0,414.0,0,0,182700.0,75599600.0,1.0,413.0,422.0,404.0,414.0,182700.0
2024-08-13,2375,414.0,444.0,414.0,436.0,0,0,207300.0,89896400.0,1.0,414.0,444.0,414.0,436.0,207300.0
2024-08-14,2375,437.0,448.0,435.0,443.0,0,0,146500.0,64551300.0,1.0,437.0,448.0,435.0,443.0,146500.0
2024-08-15,2375,437.0,456.0,437.0,444.0,0,0,103600.0,46331100.0,1.0,437.0,456.0,437.0,444.0,103600.0
2024-08-16,2375,458.0,479.0,454.0,479.0,0,0,132900.0,62417500.0,1.0,458.0,479.0,454.0,479.0,132900.0
2024-08-19,2375,471.0,480.0,464.0,467.0,0,0,150900.0,71212000.0,1.0,471.0,480.0,464.0,467.0,150900.0
2024-08-20,2375,471.0,484.0,471.0,472.0,0,0,86900.0,41302000.0,1.0,471.0,484.0,471.0,472.0,86900.0
2024-08-21,2375,467.0,473.0,462.0,463.0,0,0,72500.0,33751000.0,1.0,467.0,473.0,462.0,463.0,72500.0
2024-08-22,2375,467.0,473.0,461.0,462.0,0,0,56900.0,26494300.0,1.0,467.0,473.0,461.0,462.0,56900.0
2024-08-23,2375,460.0,463.0,441.0,458.0,0,0,206500.0,93845700.0,1.0,460.0,463.0,441.0,458.0,206500.0
2024-08-26,2375,460.0,468.0,452.0,461.0,0,0,103400.0,47634900.0,1.0,460.0,468.0,452.0,461.0,103400.0
2024-08-27,2375,457.0,475.0,456.0,475.0,0,0,91600.0,42904800.0,1.0,457.0,475.0,456.0,475.0,91600.0
2024-08-28,2375,478.0,485.0,470.0,473.0,0,0,109100.0,52016000.0,1.0,478.0,485.0,470.0,473.0,109100.0
2024-08-29,2375,470.0,470.0,461.0,461.0,0,0,68300.0,31800600.0,1.0,470.0,470.0,461.0,461.0,68300.0
2024-08-30,2375,469.0,478.0,461.0,478.0,0,0,64400.0,30172500.0,1.0,469.0,478.0,461.0,478.0,64400.0
2024-09-02,2375,474.0,478.0,467.0,473.0,0,0,76200.0,35988000.0,1.0,474.0,478.0,467.0,473.0,76200.0
2024-09-03,2375,472.0,485.0,470.0,477.0,0,0,119900.0,57420400.0,1.0,472.0,485.0,470.0,477.0,119900.0
2024-09-04,2375,466.0,470.0,457.0,457.0,0,0,160900.0,74494700.0,1.0,466.0,470.0,457.0,457.0,160900.0
2024-09-05,2375,454.0,468.0,451.0,459.0,0,0,90600.0,41494000.0,1.0,454.0,468.0,451.0,459.0,90600.0
2024-09-06,2375,459.0,465.0,446.0,447.0,0,0,87600.0,39626300.0,1.0,459.0,465.0,446.0,447.0,87600.0
2024-09-09,2375,423.0,452.0,423.0,449.0,0,0,97900.0,42738200.0,1.0,423.0,452.0,423.0,449.0,97900.0
2024-09-10,2375,455.0,455.0,446.0,447.0,0,0,64300.0,28935500.0,1.0,455.0,455.0,446.0,447.0,64300.0
2024-09-11,2375,443.0,446.0,423.0,433.0,0,0,216300.0,93580500.0,1.0,443.0,446.0,423.0,433.0,216300.0
2024-09-12,2375,441.0,447.0,432.0,442.0,0,0,338200.0,149098800.0,1.0,441.0,447.0,432.0,442.0,338200.0
2024-09-13,2375,370.0,385.0,362.0,362.0,0,1,1295000.0,474928900.0,1.0,370.0,385.0,362.0,362.0,1295000.0
2024-09-17,2375,362.0,363.0,331.0,350.0,0,0,409100.0,142197800.0,1.0,362.0,363.0,331.0,350.0,409100.0
2024-09-18,2375,352.0,361.0,347.0,350.0,0,0,149700.0,52738400.0,1.0,352.0,361.0,347.0,350.0,149700.0
2024-09-19,2375,357.0,361.0,350.0,360.0,0,0,129800.0,46177700.0,1.0,357.0,361.0,350.0,360.0,129800.0
2024-09-20,2375,369.0,393.0,363.0,392.0,0,0,346500.0,131965800.0,1.0,369.0,393.0,363.0,392.0,346500.0
2024-09-24,2375,384.0,387.0,372.0,373.0,0,0,180200.0,68093700.0,1.0,384.0,387.0,372.0,373.0,180200.0
2024-09-25,2375,368.0,374.0,365.0,370.0,0,0,93300.0,34509100.0,1.0,368.0,374.0,365.0,370.0,93300.0
2024-09-26,2375,377.0,377.0,367.0,368.0,0,0,148000.0,54732900.0,1.0,377.0,377.0,367.0,368.0,148000.0
2024-09-27,2375,368.0,375.0,367.0,371.0,0,0,124700.0,46215900.0,1.0,368.0,375.0,367.0,371.0,124700.0
2024-09-30,2375,358.0,365.0,355.0,356.0,0,0,129800.0,46518400.0,1.0,358.0,365.0,355.0,356.0,129800.0
2024-10-01,2375,363.0,367.0,358.0,361.0,0,0,78300.0,28497200.0,1.0,363.0,367.0,358.0,361.0,78300.0
2024-10-02,2375,364.0,367.0,340.0,347.0,0,0,162500.0,56986000.0,1.0,364.0,367.0,340.0,347.0,162500.0
2024-10-03,2375,352.0,355.0,347.0,347.0,0,0,88600.0,31083200.0,1.0,352.0,355.0,347.0,347.0,88600.0
2024-10-04,2375,350.0,352.0,340.0,342.0,0,0,200600.0,68876900.0,1.0,350.0,352.0,340.0,342.0,200600.0
2024-10-07,2375,342.0,344.0,338.0,341.0,0,0,103400.0,35201300.0,1.0,342.0,344.0,338.0,341.0,103400.0
2024-10-08,2375,339.0,349.0,336.0,336.0,0,0,114300.0,38896900.0,1.0,339.0,349.0,336.0,336.0,114300.0
2024-10-09,2375,340.0,344.0,336.0,341.0,0,0,61500.0,20964400.0,1.0,340.0,344.0,336.0,341.0,61500.0
2024-10-10,2375,342.0,346.0,339.0,339.0,0,0,49500.0,16923000.0,1.0,342.0,346.0,339.0,339.0,49500.0
2024-10-11,2375,339.0,340.0,331.0,331.0,0,0,98800.0,33171700.0,1.0,339.0,340.0,331.0,331.0,98800.0
2024-10-15,2375,333.0,344.0,330.0,344.0,0,0,102900.0,34618200.0,1.0,333.0,344.0,330.0,344.0,102900.0
2024-10-16,2375,342.0,343.0,335.0,335.0,0,0,78900.0,26649700.0,1.0,342.0,343.0,335.0,335.0,78900.0
2024-10-17,2375,336.0,336.0,332.0,333.0,0,0,43200.0,14422100.0,1.0,336.0,336.0,332.0,333.0,43200.0
2024-10-18,2375,333.0,335.0,330.0,330.0,0,0,53900.0,17908800.0,1.0,333.0,335.0,330.0,330.0,53900.0
2024-10-21,2375,332.0,340.0,330.0,338.0,0,0,75000.0,25177200.0,1.0,332.0,340.0,330.0,338.0,75000.0
2024-10-22,2375,335.0,335.0,324.0,325.0,0,0,88400.0,29001100.0,1.0,335.0,335.0,324.0,325.0,88400.0
2024-10-23,2375,325.0,325.0,320.0,320.0,0,0,54100.0,17458600.0,1.0,325.0,325.0,320.0,320.0,54100.0
2024-10-24,2375,316.0,318.0,311.0,311.0,0,0,106300.0,33305900.0,1.0,316.0,318.0,311.0,311.0,106300.0
2024-10-25,2375,312.0,315.0,305.0,308.0,0,0,99200.0,30648400.0,1.0,312.0,315.0,305.0,308.0,99200.0
2024-10-28,2375,314.0,322.0,314.0,319.0,0,0,76200.0,24201700.0,1.0,314.0,322.0,314.0,319.0,76200.0
2024-10-29,2375,318.0,330.0,317.0,329.0,0,0,70100.0,22776500.0,1.0,318.0,330.0,317.0,329.0,70100.0
2024-10-30,2375,325.0,326.0,320.0,323.0,0,0,49700.0,16014500.0,1.0,325.0,326.0,320.0,323.0,49700.0
2024-10-31,2375,323.0,323.0,320.0,321.0,0,0,49900.0,16050600.0,1.0,323.0,323.0,320.0,321.0,49900.0
2024-11-01,2375,319.0,322.0,313.0,313.0,0,0,66600.0,21032900.0,1.0,319.0,322.0,313.0,313.0,66600.0
2024-11-05,2375,314.0,317.0,311.0,311.0,0,0,49700.0,15609200.0,1.0,314.0,317.0,311.0,311.0,49700.0
2024-11-06,2375,310.0,317.0,309.0,313.0,0,0,74600.0,23441400.0,1.0,310.0,317.0,309.0,313.0,74600.0
2024-11-07,2375,317.0,327.0,315.0,327.0,0,0,106900.0,34378200.0,1.0,317.0,327.0,315.0,327.0,106900.0
2024-11-08,2375,327.0,331.0,324.0,326.0,0,0,68300.0,22409900.0,1.0,327.0,331.0,324.0,326.0,68300.0
2024-11-11,2375,323.0,329.0,321.0,328.0,0,0,44100.0,14303800.0,1.0,323.0,329.0,321.0,328.0,44100.0
2024-11-12,2375,326.0,334.0,325.0,326.0,0,0,111000.0,36594800.0,1.0,326.0,334.0,325.0,326.0,111000.0
2024-11-13,2375,324.0,325.0,315.0,315.0,0,0,78700.0,25049400.0,1.0,324.0,325.0,315.0,315.0,78700.0
2024-11-14,2375,315.0,317.0,308.0,311.0,0,0,89800.0,27991600.0,1.0,315.0,317.0,308.0,311.0,89800.0
2024-11-15,2375,309.0,315.0,307.0,311.0,0,0,52100.0,16254100.0,1.0,309.0,315.0,307.0,311.0,52100.0
2024-11-18,2375,309.0,315.0,309.0,310.0,0,0,31500.0,9814600.0,1.0,309.0,315.0,309.0,310.0,31500.0
2024-11-19,2375,311.0,318.0,311.0,313.0,0,0,46700.0,14654200.0,1.0,311.0,318.0,311.0,313.0,46700.0
2024-11-20,2375,312.0,320.0,309.0,313.0,0,0,77400.0,24307700.0,1.0,312.0,320.0,309.0,313.0,77400.0
2024-11-21,2375,310.0,314.0,310.0,310.0,0,0,42200.0,13116900.0,1.0,310.0,314.0,310.0,310.0,42200.0
2024-11-22,2375,313.0,313.0,308.0,310.0,0,0,44200.0,13710600.0,1.0,313.0,313.0,308.0,310.0,44200.0
2024-11-25,2375,313.0,318.0,310.0,316.0,0,0,137300.0,43137600.0,1.0,313.0,318.0,310.0,316.0,137300.0
2024-11-26,2375,316.0,316.0,305.0,306.0,0,0,102200.0,31621400.0,1.0,316.0,316.0,305.0,306.0,102200.0
2024-11-27,2375,306.0,306.0,300.0,301.0,0,0,90900.0,27541200.0,1.0,306.0,306.0,300.0,301.0,90900.0
2024-11-28,2375,299.0,330.0,299.0,308.0,0,0,718600.0,227211700.0,1.0,299.0,330.0,299.0,308.0,718600.0
2024-11-29,2375,308.0,315.0,305.0,306.0,0,0,151400.0,46851800.0,1.0,308.0,315.0,305.0,306.0,151400.0
2024-12-02,2375,308.0,308.0,302.0,302.0,0,0,103800.0,31575400.0,1.0,308.0,308.0,302.0,302.0,103800.0
2024-12-03,2375,302.0,307.0,299.0,307.0,0,0,89000.0,26961500.0,1.0,302.0,307.0,299.0,307.0,89000.0
2024-12-04,2375,308.0,308.0,297.0,298.0,0,0,115600.0,34779000.0,1.0,308.0,308.0,297.0,298.0,115600.0
2024-12-05,2375,300.0,303.0,297.0,300.0,0,0,42200.0,12629800.0,1.0,300.0,303.0,297.0,300.0,42200.0
2024-12-06,2375,298.0,301.0,296.0,298.0,0,0,53400.0,15882800.0,1.0,298.0,301.0,296.0,298.0,53400.0
2024-12-09,2375,298.0,302.0,296.0,299.0,0,0,78700.0,23509200.0,1.0,298.0,302.0,296.0,299.0,78700.0
2024-12-10,2375,302.0,311.0,301.0,310.0,0,0,313100.0,96159800.0,1.0,302.0,311.0,301.0,310.0,313100.0
2024-12-11,2375,304.0,305.0,289.0,293.0,0,0,481400.0,141977600.0,1.0,304.0,305.0,289.0,293.0,481400.0
2024-12-12,2375,295.0,295.0,283.0,288.0,0,0,395900.0,114038500.0,1.0,295.0,295.0,283.0,288.0,395900.0
2024-12-13,2375,282.0,287.0,280.0,280.0,0,0,182200.0,51358700.0,1.0,282.0,287.0,280.0,280.0,182200.0
2024-12-16,2375,279.0,279.0,265.0,265.0,0,0,251700.0,67903000.0,1.0,279.0,279.0,265.0,265.0,251700.0
2024-12-17,2375,264.0,269.0,258.0,263.0,0,0,261800.0,69135300.0,1.0,264.0,269.0,258.0,263.0,261800.0
2024-12-18,2375,259.0,263.0,255.0,259.0,0,0,224000.0,58003400.0,1.0,259.0,263.0,255.0,259.0,224000.0
2024-12-19,2375,253.0,260.0,252.0,252.0,0,0,378700.0,96321300.0,1.0,253.0,260.0,252.0,252.0,378700.0
2024-12-20,2375,254.0,261.0,251.0,252.0,0,0,229800.0,58591300.0,1.0,254.0,261.0,251.0,252.0,229800.0
2024-12-23,2375,251.0,251.0,240.0,241.0,0,0,260300.0,63645500.0,1.0,251.0,251.0,240.0,241.0,260300.0
2024-12-24,2375,240.0,244.0,237.0,242.0,0,0,224200.0,53670200.0,1.0,240.0,244.0,237.0,242.0,224200.0
2024-12-25,2375,248.0,255.0,244.0,252.0,0,0,264900.0,65830000.0,1.0,248.0,255.0,244.0,252.0,264900.0
2024-12-26,2375,255.0,263.0,252.0,253.0,0,0,253300.0,64764100.0,1.0,255.0,263.0,252.0,253.0,253300.0
2024-12-27,2375,253.0,260.0,250.0,257.0,0,0,139900.0,35840600.0,1.0,253.0,260.0,250.0,257.0,139900.0
2024-12-30,2375,259.0,266.0,259.0,264.0,0,0,107200.0,28104100.0,1.0,259.0,266.0,259.0,264.0,107200.0
2025-01-06,2375,269.0,269.0,257.0,258.0,0,0,105300.0,27602800.0,1.0,269.0,269.0,257.0,258.0,105300.0
2025-01-07,2375,258.0,261.0,255.0,257.0,0,0,56500.0,14543100.0,1.0,258.0,261.0,255.0,257.0,56500.0
2025-01-08,2375,257.0,259.0,254.0,258.0,0,0,55500.0,14234800.0,1.0,257.0,259.0,254.0,258.0,55500.0
2025-01-09,2375,255.0,256.0,253.0,253.0,0,0,47200.0,11997700.0,1.0,255.0,256.0,253.0,253.0,47200.0
2025-01-10,2375,252.0,256.0,252.0,253.0,0,0,44100.0,11190700.0,1.0,252.0,256.0,252.0,253.0,44100.0
2025-01-14,2375,253.0,253.0,240.0,242.0,0,0,125200.0,30736900.0,1.0,253.0,253.0,240.0,242.0,125200.0
2025-01-15,2375,246.0,247.0,240.0,242.0,0,0,67700.0,16357400.0,1.0,246.0,247.0,240.0,242.0,67700.0
2025-01-16,2375,241.0,244.0,239.0,239.0,0,0,60800.0,14638600.0,1.0,241.0,244.0,239.0,239.0,60800.0
2025-01-17,2375,238.0,238.0,233.0,234.0,0,0,59100.0,13886800.0,1.0,238.0,238.0,233.0,234.0,59100.0
2025-01-20,2375,237.0,245.0,237.0,245.0,0,0,122500.0,29576000.0,1.0,237.0,245.0,237.0,245.0,122500.0
2025-01-21,2375,244.0,244.0,238.0,239.0,0,0,68900.0,16506000.0,1.0,244.0,244.0,238.0,239.0,68900.0
2025-01-22,2375,239.0,263.0,239.0,258.0,0,0,260000.0,66280800.0,1.0,239.0,263.0,239.0,258.0,260000.0
2025-01-23,2375,273.0,328.0,273.0,303.0,0,0,10117100.0,3099519700.0,1.0,273.0,328.0,273.0,303.0,10117100.0
2025-01-24,2375,333.0,383.0,333.0,383.0,1,0,9271400.0,3403252600.0,1.0,333.0,383.0,333.0,383.0,9271400.0
2025-01-27,2375,463.0,463.0,423.0,423.0,1,0,7471500.0,3356164500.0,1.0,463.0,463.0,423.0,423.0,7471500.0
2025-01-28,2375,398.0,425.0,382.0,400.0,0,0,3139900.0,1256501100.0,1.0,398.0,425.0,382.0,400.0,3139900.0
2025-01-29,2375,412.0,412.0,360.0,379.0,0,0,2415300.0,907630000.0,1.0,412.0,412.0,360.0,379.0,2415300.0
2025-01-30,2375,384.0,400.0,346.0,360.0,0,0,2812800.0,1045636100.0,1.0,384.0,400.0,346.0,360.0,2812800.0
2025-01-31,2375,345.0,348.0,331.0,331.0,0,0,1380800.0,468194000.0,1.0,345.0,348.0,331.0,331.0,1380800.0
2025-02-03,2375,326.0,332.0,322.0,322.0,0,0,780400.0,255104600.0,1.0,326.0,332.0,322.0,322.0,780400.0
2025-02-04,2375,319.0,327.0,316.0,324.0,0,0,579300.0,185748100.0,1.0,319.0,327.0,316.0,324.0,579300.0
2025-02-05,2375,323.0,326.0,313.0,313.0,0,0,437000.0,138755900.0,1.0,323.0,326.0,313.0,313.0,437000.0
2025-02-06,2375,313.0,316.0,310.0,316.0,0,0,332400.0,104082700.0,1.0,313.0,316.0,310.0,316.0,332400.0
2025-02-07,2375,313.0,314.0,303.0,308.0,0,0,439200.0,134743000.0,1.0,313.0,314.0,303.0,308.0,439200.0
2025-02-10,2375,305.0,314.0,302.0,311.0,0,0,284000.0,87747500.0,1.0,305.0,314.0,302.0,311.0,284000.0
2025-02-12,2375,312.0,318.0,311.0,317.0,0,0,304400.0,95568500.0,1.0,312.0,318.0,311.0,317.0,304400.0
2025-02-13,2375,318.0,318.0,302.0,310.0,0,0,354700.0,109834500.0,1.0,318.0,318.0,302.0,310.0,354700.0
2025-02-14,2375,307.0,308.0,299.0,300.0,0,0,294300.0,89052300.0,1.0,307.0,308.0,299.0,300.0,294300.0
2025-02-17,2375,296.0,298.0,284.0,291.0,0,0,426600.0,124137200.0,1.0,296.0,298.0,284.0,291.0,426600.0
2025-02-18,2375,290.0,298.0,290.0,297.0,0,0,296100.0,87275700.0,1.0,290.0,298.0,290.0,297.0,296100.0
2025-02-19,2375,299.0,300.0,290.0,291.0,0,0,181700.0,53449700.0,1.0,299.0,300.0,290.0,291.0,181700.0
2025-02-20,2375,290.0,290.0,281.0,281.0,0,0,219200.0,62353100.0,1.0,290.0,290.0,281.0,281.0,219200.0
2025-02-21,2375,278.0,285.0,277.0,280.0,0,0,129000.0,36314400.0,1.0,278.0,285.0,277.0,280.0,129000.0
2025-02-25,2375,277.0,280.0,274.0,277.0,0,0,194300.0,53707600.0,1.0,277.0,280.0,274.0,277.0,194300.0
2025-02-26,2375,276.0,278.0,267.0,273.0,0,0,196900.0,53422700.0,1.0,276.0,278.0,267.0,273.0,196900.0
2025-02-27,2375,273.0,277.0,271.0,274.0,0,0,116300.0,31817200.0,1.0,273.0,277.0,271.0,274.0,116300.0
2025-02-28,2375,271.0,273.0,266.0,268.0,0,0,141500.0,38002200.0,1.0,271.0,273.0,266.0,268.0,141500.0
2025-03-03,2375,270.0,278.0,269.0,273.0,0,0,130500.0,35705300.0,1.0,270.0,278.0,269.0,273.0,130500.0
2025-03-04,2375,272.0,275.0,264.0,275.0,0,0,156300.0,42088400.0,1.0,272.0,275.0,264.0,275.0,156300.0
2025-03-05,2375,278.0,281.0,276.0,281.0,0,0,116700.0,32591200.0,1.0,278.0,281.0,276.0,281.0,116700.0
2025-03-06,2375,284.0,286.0,276.0,280.0,0,0,231500.0,64851100.0,1.0,284.0,286.0,276.0,280.0,231500.0
2025-03-07,2375,279.0,280.0,271.0,280.0,0,0,134400.0,37194800.0,1.0,279.0,280.0,271.0,280.0,134400.0
2025-03-10,2375,283.0,285.0,272.0,282.0,0,0,413600.0,115887100.0,1.0,283.0,285.0,272.0,282.0,413600.0
2025-03-11,2375,251.0,256.0,246.0,253.0,0,0,564200.0,142157900.0,1.0,251.0,256.0,246.0,253.0,564200.0
2025-03-12,2375,253.0,256.0,249.0,251.0,0,0,153800.0,38604900.0,1.0,253.0,256.0,249.0,251.0,153800.0
2025-03-13,2375,250.0,252.0,247.0,247.0,0,0,181700.0,45334400.0,1.0,250.0,252.0,247.0,247.0,181700.0
2025-03-14,2375,247.0,251.0,246.0,249.0,0,0,133600.0,33172500.0,1.0,247.0,251.0,246.0,249.0,133600.0
2025-03-17,2375,247.0,252.0,246.0,250.0,0,0,70600.0,17604900.0,1.0,247.0,252.0,246.0,250.0,70600.0
2025-03-18,2375,250.0,252.0,249.0,252.0,0,0,73100.0,18316500.0,1.0,250.0,252.0,249.0,252.0,73100.0
2025-03-19,2375,252.0,255.0,251.0,251.0,0,0,74800.0,18913600.0,1.0,252.0,255.0,251.0,251.0,74800.0
2025-03-21,2375,254.0,256.0,251.0,256.0,0,0,94100.0,23902900.0,1.0,254.0,256.0,251.0,256.0,94100.0
2025-03-24,2375,255.0,255.0,247.0,247.0,0,0,108200.0,26971600.0,1.0,255.0,255.0,247.0,247.0,108200.0
2025-03-25,2375,245.0,251.0,244.0,248.0,0,0,198300.0,48883600.0,1.0,245.0,251.0,244.0,248.0,198300.0
2025-03-26,2375,251.0,251.0,246.0,249.0,0,0,78400.0,19469100.0,1.0,251.0,251.0,246.0,249.0,78400.0
2025-03-27,2375,248.0,248.0,242.0,243.0,0,0,120100.0,29419500.0,1.0,248.0,248.0,242.0,243.0,120100.0
2025-03-28,2375,243.0,245.0,242.0,243.0,0,0,61300.0,14949400.0,1.0,243.0,245.0,242.0,243.0,61300.0
2025-03-31,2375,239.0,239.0,235.0,235.0,0,0,115600.0,27362700.0,1.0,239.0,239.0,235.0,235.0,115600.0
2025-04-01,2375,239.0,239.0,232.0,232.0,0,0,108000.0,25328100.0,1.0,239.0,239.0,232.0,232.0,108000.0
2025-04-02,2375,234.0,234.0,227.0,228.0,0,0,149400.0,34285500.0,1.0,234.0,234.0,227.0,228.0,149400.0
2025-04-03,2375,216.0,228.0,208.0,216.0,0,0,539000.0,118325200.0,1.0,216.0,228.0,208.0,216.0,539000.0
2025-04-04,2375,206.0,213.0,196.0,205.0,0,0,447800.0,90991600.0,1.0,206.0,213.0,196.0,205.0,447800.0
2025-04-07,2375,177.0,188.0,174.0,174.0,0,0,306300.0,55462900.0,1.0,177.0,188.0,174.0,174.0,306300.0
2025-04-08,2375,194.0,204.0,194.0,201.0,0,0,173200.0,34357600.0,1.0,194.0,204.0,194.0,201.0,173200.0
2025-04-09,2375,196.0,196.0,185.0,188.0,0,0,171900.0,32646300.0,1.0,196.0,196.0,185.0,188.0,171900.0
2025-04-10,2375,208.0,208.0,202.0,205.0,0,0,210600.0,43190000.0,1.0,208.0,208.0,202.0,205.0,210600.0
2025-04-11,2375,199.0,205.0,195.0,203.0,0,0,118100.0,23436200.0,1.0,199.0,205.0,195.0,203.0,118100.0
2025-04-14,2375,207.0,214.0,207.0,211.0,0,0,105800.0,22239300.0,1.0,207.0,214.0,207.0,211.0,105800.0
2025-04-15,2375,210.0,230.0,207.0,210.0,0,0,436700.0,94593400.0,1.0,210.0,230.0,207.0,210.0,436700.0
2025-04-16,2375,208.0,211.0,205.0,206.0,0,0,76200.0,15798100.0,1.0,208.0,211.0,205.0,206.0,76200.0
2025-04-17,2375,206.0,213.0,206.0,212.0,0,0,48800.0,10275700.0,1.0,206.0,213.0,206.0,212.0,48800.0
2025-04-18,2375,212.0,218.0,209.0,216.0,0,0,67400.0,14517400.0,1.0,212.0,218.0,209.0,216.0,67400.0
2025-04-21,2375,217.0,221.0,215.0,217.0,0,0,41700.0,9101600.0,1.0,217.0,221.0,215.0,217.0,41700.0
2025-04-22,2375,218.0,250.0,217.0,224.0,0,0,770100.0,173937900.0,1.0,218.0,250.0,217.0,224.0,770100.0
2025-04-23,2375,224.0,225.0,219.0,220.0,0,0,217200.0,48224400.0,1.0,224.0,225.0,219.0,220.0,217200.0
2025-04-24,2375,222.0,223.0,218.0,218.0,0,0,50700.0,11196300.0,1.0,222.0,223.0,218.0,218.0,50700.0
2025-04-25,2375,218.0,225.0,218.0,225.0,0,0,118400.0,26411400.0,1.0,218.0,225.0,218.0,225.0,118400.0
2025-04-28,2375,229.0,236.0,226.0,234.0,0,0,187500.0,43424500.0,1.0,229.0,236.0,226.0,234.0,187500.0
2025-04-30,2375,234.0,236.0,229.0,232.0,0,0,115700.0,26874200.0,1.0,234.0,236.0,229.0,232.0,115700.0
2025-05-01,2375,233.0,233.0,227.0,228.0,0,0,66600.0,15335600.0,1.0,233.0,233.0,227.0,228.0,66600.0
2025-05-02,2375,231.0,233.0,228.0,232.0,0,0,50400.0,11596500.0,1.0,231.0,233.0,228.0,232.0,50400.0
2025-05-07,2375,229.0,231.0,229.0,229.0,0,0,31500.0,7240800.0,1.0,229.0,231.0,229.0,229.0,31500.0
2025-05-08,2375,229.0,231.0,221.0,231.0,0,0,107600.0,24260800.0,1.0,229.0,231.0,221.0,231.0,107600.0
2025-05-09,2375,232.0,242.0,231.0,240.0,0,0,132500.0,31548100.0,1.0,232.0,242.0,231.0,240.0,132500.0
2025-05-12,2375,240.0,240.0,235.0,235.0,0,0,69600.0,16480900.0,1.0,240.0,240.0,235.0,235.0,69600.0
2025-05-13,2375,239.0,239.0,235.0,235.0,0,0,76700.0,18197900.0,1.0,239.0,239.0,235.0,235.0,76700.0
2025-05-14,2375,238.0,240.0,233.0,238.0,0,0,62800.0,14861300.0,1.0,238.0,240.0,233.0,238.0,62800.0
2025-05-15,2375,235.0,240.0,235.0,235.0,0,0,46000.0,10909100.0,1.0,235.0,240.0,235.0,235.0,46000.0
2025-05-16,2375,235.0,243.0,234.0,242.0,0,0,53200.0,12686100.0,1.0,235.0,243.0,234.0,242.0,53200.0
2025-05-19,2375,241.0,243.0,237.0,240.0,0,0,59200.0,14215500.0,1.0,241.0,243.0,237.0,240.0,59200.0
2025-05-20,2375,237.0,239.0,237.0,237.0,0,0,51200.0,12159500.0,1.0,237.0,239.0,237.0,237.0,51200.0
2025-05-21,2375,239.0,245.0,237.0,238.0,0,0,64000.0,15436800.0,1.0,239.0,245.0,237.0,238.0,64000.0
2025-05-22,2375,238.0,243.0,237.0,238.0,0,0,58400.0,13963500.0,1.0,238.0,243.0,237.0,238.0,58400.0
2025-05-23,2375,238.0,238.0,229.0,229.0,0,0,117400.0,27253600.0,1.0,238.0,238.0,229.0,229.0,117400.0
2025-05-26,2375,233.0,236.0,228.0,230.0,0,0,97900.0,22703000.0,1.0,233.0,236.0,228.0,230.0,97900.0
2025-05-27,2375,229.0,234.0,229.0,233.0,0,0,41800.0,9691800.0,1.0,229.0,234.0,229.0,233.0,41800.0
2025-05-28,2375,234.0,236.0,230.0,230.0,0,0,44200.0,10310000.0,1.0,234.0,236.0,230.0,230.0,44200.0
2025-05-29,2375,232.0,234.0,231.0,233.0,0,0,31100.0,7241900.0,1.0,232.0,234.0,231.0,233.0,31100.0
2025-05-30,2375,235.0,236.0,232.0,233.0,0,0,30500.0,7123100.0,1.0,235.0,236.0,232.0,233.0,30500.0
2025-06-02,2375,234.0,234.0,229.0,232.0,0,0,41300.0,9529100.0,1.0,234.0,234.0,229.0,232.0,41300.0
2025-06-03,2375,233.0,237.0,233.0,234.0,0,0,39300.0,9250700.0,1.0,233.0,237.0,233.0,234.0,39300.0
2025-06-04,2375,234.0,240.0,234.0,240.0,0,0,45300.0,10759800.0,1.0,234.0,240.0,234.0,240.0,45300.0
2025-06-05,2375,239.0,241.0,237.0,239.0,0,0,36900.0,8832100.0,1.0,239.0,241.0,237.0,239.0,36900.0
2025-06-06,2375,240.0,241.0,236.0,238.0,0,0,49100.0,11697200.0,1.0,240.0,241.0,236.0,238.0,49100.0
2025-06-09,2375,240.0,240.0,231.0,231.0,0,0,72500.0,17025400.0,1.0,240.0,240.0,231.0,231.0,72500.0
2025-06-10,2375,230.0,234.0,229.0,229.0,0,0,73800.0,17077200.0,1.0,230.0,234.0,229.0,229.0,73800.0
2025-06-11,2375,232.0,243.0,230.0,241.0,0,0,299300.0,70955400.0,1.0,232.0,243.0,230.0,241.0,299300.0
2025-06-12,2375,230.0,231.0,223.0,226.0,0,0,350700.0,79668800.0,1.0,230.0,231.0,223.0,226.0,350700.0
2025-06-13,2375,225.0,225.0,220.0,222.0,0,0,113700.0,25207000.0,1.0,225.0,225.0,220.0,222.0,113700.0
2025-06-16,2375,222.0,229.0,222.0,229.0,0,0,80000.0,18096900.0,1.0,222.0,229.0,222.0,229.0,80000.0
2025-06-17,2375,225.0,245.0,224.0,243.0,0,0,266900.0,63217500.0,1.0,225.0,245.0,224.0,243.0,266900.0
2025-06-18,2375,239.0,250.0,239.0,239.0,0,0,194000.0,47198200.0,1.0,239.0,250.0,239.0,239.0,194000.0
2025-06-19,2375,241.0,247.0,237.0,245.0,0,0,104000.0,25282200.0,1.0,241.0,247.0,237.0,245.0,104000.0
2025-06-20,2375,248.0,248.0,238.0,239.0,0,0,84700.0,20440200.0,1.0,248.0,248.0,238.0,239.0,84700.0
2025-06-23,2375,236.0,242.0,228.0,241.0,0,0,191100.0,45058800.0,1.0,236.0,242.0,228.0,241.0,191100.0
2025-06-24,2375,240.0,244.0,237.0,239.0,0,0,103700.0,24978100.0,1.0,240.0,244.0,237.0,239.0,103700.0
2025-06-25,2375,241.0,250.0,238.0,244.0,0,0,167100.0,40858000.0,1.0,241.0,250.0,238.0,244.0,167100.0
2025-06-26,2375,244.0,245.0,238.0,242.0,0,0,106200.0,25766600.0,1.0,244.0,245.0,238.0,242.0,106200.0
2025-06-27,2375,242.0,242.0,238.0,240.0,0,0,36800.0,8802200.0,1.0,242.0,242.0,238.0,240.0,36800.0
2025-06-30,2375,237.0,247.0,236.0,247.0,0,0,82600.0,19988800.0,1.0,237.0,247.0,236.0,247.0,82600.0
2025-07-01,2375,245.0,247.0,234.0,235.0,0,0,168400.0,40112900.0,1.0,245.0,247.0,234.0,235.0,168400.0
2025-07-02,2375,235.0,239.0,225.0,237.0,0,0,118600.0,27500700.0,1.0,235.0,239.0,225.0,237.0,118600.0
2025-07-03,2375,237.0,237.0,231.0,231.0,0,0,50200.0,11710900.0,1.0,237.0,237.0,231.0,231.0,50200.0
2025-07-04,2375,231.0,235.0,230.0,231.0,0,0,37100.0,8616400.0,1.0,231.0,235.0,230.0,231.0,37100.0
2025-07-07,2375,235.0,238.0,232.0,236.0,0,0,48800.0,11498600.0,1.0,235.0,238.0,232.0,236.0,48800.0
2025-07-08,2375,235.0,237.0,234.0,237.0,0,0,24600.0,5783900.0,1.0,235.0,237.0,234.0,237.0,24600.0
2025-07-09,2375,237.0,241.0,235.0,238.0,0,0,39600.0,9446800.0,1.0,237.0,241.0,235.0,238.0,39600.0
2025-07-10,2375,238.0,246.0,236.0,241.0,0,0,92400.0,22405900.0,1.0,238.0,246.0,236.0,241.0,92400.0
2025-07-11,2375,241.0,244.0,240.0,244.0,0,0,65500.0,15846600.0,1.0,241.0,244.0,240.0,244.0,65500.0
2025-07-14,2375,244.0,245.0,239.0,241.0,0,0,29100.0,7036500.0,1.0,244.0,245.0,239.0,241.0,29100.0
2025-07-15,2375,243.0,243.0,233.0,235.0,0,0,61300.0,14515800.0,1.0,243.0,243.0,233.0,235.0,61300.0
2025-07-16,2375,235.0,235.0,231.0,231.0,0,0,39700.0,9262000.0,1.0,235.0,235.0,231.0,231.0,39700.0
2025-07-17,2375,232.0,236.0,232.0,235.0,0,0,41700.0,9780500.0,1.0,232.0,236.0,232.0,235.0,41700.0
2025-07-18,2375,235.0,236.0,228.0,228.0,0,0,43500.0,10016500.0,1.0,235.0,236.0,228.0,228.0,43500.0
2025-07-22,2375,231.0,231.0,227.0,228.0,0,0,39400.0,8993200.0,1.0,231.0,231.0,227.0,228.0,39400.0
2025-07-23,2375,231.0,236.0,231.0,236.0,0,0,59700.0,13994300.0,1.0,231.0,236.0,231.0,236.0,59700.0
2025-07-24,2375,236.0,237.0,234.0,234.0,0,0,31200.0,7331200.0,1.0,236.0,237.0,234.0,234.0,31200.0
2025-07-25,2375,233.0,237.0,231.0,237.0,0,0,27200.0,6357800.0,1.0,233.0,237.0,231.0,237.0,27200.0
2025-07-28,2375,237.0,240.0,234.0,239.0,0,0,65700.0,15626100.0,1.0,237.0,240.0,234.0,239.0,65700.0
2025-07-29,2375,237.0,245.0,237.0,244.0,0,0,88200.0,21360500.0,1.0,237.0,245.0,237.0,244.0,88200.0
2025-07-30,2375,240.0,242.0,237.0,241.0,0,0,52800.0,12647000.0,1.0,240.0,242.0,237.0,241.0,52800.0
2025-07-31,2375,239.0,242.0,239.0,239.0,0,0,29200.0,7005100.0,1.0,239.0,242.0,239.0,239.0,29200.0
2025-08-01,2375,238.0,240.0,238.0,238.0,0,0,22000.0,5250100.0,1.0,238.0,240.0,238.0,238.0,22000.0
2025-08-04,2375,234.0,240.0,233.0,239.0,0,0,33300.0,7863600.0,1.0,234.0,240.0,233.0,239.0,33300.0
2025-08-05,2375,240.0,241.0,235.0,240.0,0,0,46000.0,11012800.0,1.0,240.0,241.0,235.0,240.0,46000.0
2025-08-06,2375,242.0,242.0,239.0,239.0,0,0,26300.0,6315300.0,1.0,242.0,242.0,239.0,239.0,26300.0
2025-08-07,2375,239.0,241.0,238.0,239.0,0,0,38100.0,9122800.0,1.0,239.0,241.0,238.0,239.0,38100.0
2025-08-08,2375,239.0,239.0,236.0,237.0,0,0,29800.0,7067800.0,1.0,239.0,239.0,236.0,237.0,29800.0
2025-08-12,2375,240.0,243.0,237.0,240.0,0,0,115900.0,27867000.0,1.0,240.0,243.0,237.0,240.0,115900.0
2025-08-13,2375,240.0,241.0,236.0,239.0,0,0,88900.0,21224800.0,1.0,240.0,241.0,236.0,239.0,88900.0
2025-08-14,2375,237.0,240.0,237.0,240.0,0,0,34000.0,8119900.0,1.0,237.0,240.0,237.0,240.0,34000.0
2025-08-15,2375,240.0,241.0,235.0,239.0,0,0,77300.0,18396300.0,1.0,240.0,241.0,235.0,239.0,77300.0
2025-08-18,2375,239.0,247.0,238.0,243.0,0,0,98800.0,24105300.0,1.0,239.0,247.0,238.0,243.0,98800.0
2025-08-19,2375,241.0,256.0,241.0,254.0,0,0,273400.0,68136700.0,1.0,241.0,256.0,241.0,254.0,273400.0
2025-08-20,2375,258.0,300.0,258.0,283.0,0,0,2095400.0,596429300.0,1.0,258.0,300.0,258.0,283.0,2095400.0
2025-08-21,2375,295.0,295.0,274.0,277.0,0,0,566700.0,160221400.0,1.0,295.0,295.0,274.0,277.0,566700.0
2025-08-22,2375,277.0,277.0,257.0,257.0,0,0,422900.0,112106900.0,1.0,277.0,277.0,257.0,257.0,422900.0
2025-08-25,2375,265.0,320.0,262.0,309.0,0,0,2713200.0,808135600.0,1.0,265.0,320.0,262.0,309.0,2713200.0
2025-08-26,2375,315.0,315.0,276.0,289.0,0,0,829100.0,242492300.0,1.0,315.0,315.0,276.0,289.0,829100.0
2025-08-27,2375,300.0,300.0,278.0,279.0,0,0,288000.0,82127600.0,1.0,300.0,300.0,278.0,279.0,288000.0
2025-08-28,2375,278.0,278.0,267.0,268.0,0,0,179700.0,48711400.0,1.0,278.0,278.0,267.0,268.0,179700.0
2025-08-29,2375,269.0,272.0,261.0,269.0,0,0,208800.0,55480600.0,1.0,269.0,272.0,261.0,269.0,208800.0
2025-09-01,2375,270.0,279.0,265.0,274.0,0,0,195900.0,53781400.0,1.0,270.0,279.0,265.0,274.0,195900.0
2025-09-02,2375,279.0,297.0,274.0,289.0,0,0,514300.0,147796900.0,1.0,279.0,297.0,274.0,289.0,514300.0
2025-09-03,2375,282.0,286.0,270.0,272.0,0,0,196100.0,54535200.0,1.0,282.0,286.0,270.0,272.0,196100.0
2025-09-04,2375,272.0,273.0,263.0,270.0,0,0,273400.0,72944000.0,1.0,272.0,273.0,263.0,270.0,273400.0
2025-09-05,2375,270.0,275.0,265.0,274.0,0,0,138300.0,37474600.0,1.0,270.0,275.0,265.0,274.0,138300.0
