Date,Code,Open,High,Low,Close,UpperLimit,LowerLimit,Volume,TurnoverValue,AdjustmentFactor,AdjustmentOpen,AdjustmentHigh,AdjustmentLow,AdjustmentClose,AdjustmentVolume
2023-09-06,3198,2418.0,2424.0,2386.0,2389.0,0,0,44900.0,107712200.0,1.0,2418.0,2424.0,2386.0,2389.0,44900.0
2023-09-07,3198,2380.0,2392.0,2350.0,2372.0,0,0,36400.0,86210100.0,1.0,2380.0,2392.0,2350.0,2372.0,36400.0
2023-09-08,3198,2377.0,2413.0,2364.0,2374.0,0,0,38300.0,91220600.0,1.0,2377.0,2413.0,2364.0,2374.0,38300.0
2023-09-11,3198,2374.0,2390.0,2339.0,2359.0,0,0,41900.0,98606800.0,1.0,2374.0,2390.0,2339.0,2359.0,41900.0
2023-09-12,3198,2359.0,2405.0,2359.0,2399.0,0,0,33600.0,80347300.0,1.0,2359.0,2405.0,2359.0,2399.0,33600.0
2023-09-13,3198,2399.0,2400.0,2360.0,2362.0,0,0,32800.0,78006200.0,1.0,2399.0,2400.0,2360.0,2362.0,32800.0
2023-09-14,3198,2364.0,2381.0,2328.0,2346.0,0,0,26300.0,61672000.0,1.0,2364.0,2381.0,2328.0,2346.0,26300.0
2023-09-15,3198,2354.0,2354.0,2320.0,2335.0,0,0,37900.0,88557700.0,1.0,2354.0,2354.0,2320.0,2335.0,37900.0
2023-09-19,3198,2328.0,2328.0,2256.0,2271.0,0,0,57500.0,131048500.0,1.0,2328.0,2328.0,2256.0,2271.0,57500.0
2023-09-20,3198,2271.0,2288.0,2250.0,2250.0,0,0,36600.0,82781100.0,1.0,2271.0,2288.0,2250.0,2250.0,36600.0
2023-09-21,3198,2272.0,2272.0,2242.0,2257.0,0,0,24300.0,54866000.0,1.0,2272.0,2272.0,2242.0,2257.0,24300.0
2023-09-22,3198,2244.0,2264.0,2234.0,2254.0,0,0,22500.0,50664000.0,1.0,2244.0,2264.0,2234.0,2254.0,22500.0
2023-09-25,3198,2255.0,2275.0,2250.0,2258.0,0,0,23100.0,52253700.0,1.0,2255.0,2275.0,2250.0,2258.0,23100.0
2023-09-26,3198,2272.0,2329.0,2258.0,2307.0,0,0,56000.0,129102900.0,1.0,2272.0,2329.0,2258.0,2307.0,56000.0
2023-09-27,3198,2280.0,2289.0,2258.0,2281.0,0,0,33700.0,76613700.0,1.0,2280.0,2289.0,2258.0,2281.0,33700.0
2023-09-28,3198,2280.0,2285.0,2222.0,2244.0,0,0,33900.0,76233500.0,1.0,2280.0,2285.0,2222.0,2244.0,33900.0
2023-09-29,3198,2257.0,2275.0,2237.0,2243.0,0,0,30700.0,69203900.0,1.0,2257.0,2275.0,2237.0,2243.0,30700.0
2023-10-02,3198,2293.0,2297.0,2205.0,2207.0,0,0,57400.0,128875100.0,1.0,2293.0,2297.0,2205.0,2207.0,57400.0
2023-10-03,3198,2190.0,2216.0,2166.0,2166.0,0,0,38600.0,84360800.0,1.0,2190.0,2216.0,2166.0,2166.0,38600.0
2023-10-04,3198,2125.0,2145.0,2099.0,2099.0,0,0,36800.0,77926300.0,1.0,2125.0,2145.0,2099.0,2099.0,36800.0
2023-10-05,3198,2130.0,2142.0,2106.0,2117.0,0,0,33200.0,70306900.0,1.0,2130.0,2142.0,2106.0,2117.0,33200.0
2023-10-06,3198,2142.0,2191.0,2142.0,2176.0,0,0,37500.0,81428200.0,1.0,2142.0,2191.0,2142.0,2176.0,37500.0
2023-10-10,3198,2224.0,2224.0,2145.0,2154.0,0,0,40200.0,87119800.0,1.0,2224.0,2224.0,2145.0,2154.0,40200.0
2023-10-11,3198,2158.0,2165.0,2118.0,2122.0,0,0,35400.0,75522500.0,1.0,2158.0,2165.0,2118.0,2122.0,35400.0
2023-10-12,3198,2130.0,2156.0,2113.0,2156.0,0,0,31400.0,67217300.0,1.0,2130.0,2156.0,2113.0,2156.0,31400.0
2023-10-13,3198,2150.0,2162.0,2102.0,2107.0,0,0,66300.0,140793800.0,1.0,2150.0,2162.0,2102.0,2107.0,66300.0
2023-10-16,3198,2051.0,2055.0,1986.0,2040.0,0,0,87300.0,177530700.0,1.0,2051.0,2055.0,1986.0,2040.0,87300.0
2023-10-17,3198,2190.0,2200.0,2139.0,2178.0,0,0,110900.0,240905100.0,1.0,2190.0,2200.0,2139.0,2178.0,110900.0
2023-10-18,3198,2218.0,2240.0,2192.0,2235.0,0,0,73800.0,163802500.0,1.0,2218.0,2240.0,2192.0,2235.0,73800.0
2023-10-19,3198,2200.0,2219.0,2166.0,2167.0,0,0,43500.0,94886500.0,1.0,2200.0,2219.0,2166.0,2167.0,43500.0
2023-10-20,3198,2165.0,2165.0,2132.0,2133.0,0,0,39700.0,85133800.0,1.0,2165.0,2165.0,2132.0,2133.0,39700.0
2023-10-23,3198,2123.0,2127.0,2096.0,2096.0,0,0,40300.0,84806300.0,1.0,2123.0,2127.0,2096.0,2096.0,40300.0
2023-10-24,3198,2100.0,2159.0,2099.0,2153.0,0,0,30400.0,64915700.0,1.0,2100.0,2159.0,2099.0,2153.0,30400.0
2023-10-25,3198,2111.0,2195.0,2111.0,2191.0,0,0,29500.0,64283300.0,1.0,2111.0,2195.0,2111.0,2191.0,29500.0
2023-10-26,3198,2185.0,2223.0,2185.0,2219.0,0,0,38500.0,85046400.0,1.0,2185.0,2223.0,2185.0,2219.0,38500.0
2023-10-27,3198,2211.0,2260.0,2202.0,2255.0,0,0,34400.0,76992500.0,1.0,2211.0,2260.0,2202.0,2255.0,34400.0
2023-10-30,3198,2240.0,2247.0,2210.0,2224.0,0,0,26000.0,57893600.0,1.0,2240.0,2247.0,2210.0,2224.0,26000.0
2023-10-31,3198,2220.0,2263.0,2190.0,2263.0,0,0,29700.0,66414100.0,1.0,2220.0,2263.0,2190.0,2263.0,29700.0
2023-11-01,3198,2270.0,2285.0,2253.0,2278.0,0,0,30200.0,68696700.0,1.0,2270.0,2285.0,2253.0,2278.0,30200.0
2023-11-02,3198,2283.0,2283.0,2229.0,2248.0,0,0,19700.0,44261700.0,1.0,2283.0,2283.0,2229.0,2248.0,19700.0
2023-11-06,3198,2250.0,2289.0,2250.0,2282.0,0,0,27900.0,63505300.0,1.0,2250.0,2289.0,2250.0,2282.0,27900.0
2023-11-07,3198,2284.0,2307.0,2275.0,2286.0,0,0,25100.0,57452100.0,1.0,2284.0,2307.0,2275.0,2286.0,25100.0
2023-11-08,3198,2291.0,2309.0,2274.0,2309.0,0,0,41100.0,94199900.0,1.0,2291.0,2309.0,2274.0,2309.0,41100.0
2023-11-09,3198,2310.0,2349.0,2282.0,2342.0,0,0,51000.0,118065600.0,1.0,2310.0,2349.0,2282.0,2342.0,51000.0
2023-11-10,3198,2342.0,2343.0,2293.0,2341.0,0,0,34500.0,80118400.0,1.0,2342.0,2343.0,2293.0,2341.0,34500.0
2023-11-13,3198,2340.0,2355.0,2320.0,2320.0,0,0,26100.0,60891400.0,1.0,2340.0,2355.0,2320.0,2320.0,26100.0
2023-11-14,3198,2324.0,2342.0,2324.0,2328.0,0,0,11900.0,27746000.0,1.0,2324.0,2342.0,2324.0,2328.0,11900.0
2023-11-15,3198,2330.0,2344.0,2308.0,2309.0,0,0,19200.0,44549900.0,1.0,2330.0,2344.0,2308.0,2309.0,19200.0
2023-11-16,3198,2296.0,2296.0,2241.0,2241.0,0,0,42000.0,95007300.0,1.0,2296.0,2296.0,2241.0,2241.0,42000.0
2023-11-17,3198,2230.0,2253.0,2212.0,2253.0,0,0,34300.0,76715700.0,1.0,2230.0,2253.0,2212.0,2253.0,34300.0
2023-11-20,3198,2254.0,2278.0,2254.0,2258.0,0,0,28100.0,63564400.0,1.0,2254.0,2278.0,2254.0,2258.0,28100.0
2023-11-21,3198,2254.0,2262.0,2222.0,2252.0,0,0,23200.0,52144700.0,1.0,2254.0,2262.0,2222.0,2252.0,23200.0
2023-11-22,3198,2253.0,2300.0,2250.0,2285.0,0,0,31300.0,71478700.0,1.0,2253.0,2300.0,2250.0,2285.0,31300.0
2023-11-24,3198,2295.0,2317.0,2287.0,2302.0,0,0,32000.0,73709700.0,1.0,2295.0,2317.0,2287.0,2302.0,32000.0
2023-11-27,3198,2293.0,2300.0,2261.0,2268.0,0,0,23500.0,53536300.0,1.0,2293.0,2300.0,2261.0,2268.0,23500.0
2023-11-28,3198,2260.0,2260.0,2222.0,2232.0,0,0,31200.0,69779400.0,1.0,2260.0,2260.0,2222.0,2232.0,31200.0
2023-11-29,3198,2227.0,2248.0,2225.0,2225.0,0,0,20800.0,46432500.0,1.0,2227.0,2248.0,2225.0,2225.0,20800.0
2023-11-30,3198,2220.0,2243.0,2212.0,2233.0,0,0,26900.0,59882300.0,1.0,2220.0,2243.0,2212.0,2233.0,26900.0
2023-12-01,3198,2238.0,2263.0,2238.0,2247.0,0,0,22700.0,51024900.0,1.0,2238.0,2263.0,2238.0,2247.0,22700.0
2023-12-04,3198,2245.0,2265.0,2226.0,2261.0,0,0,27900.0,62870200.0,1.0,2245.0,2265.0,2226.0,2261.0,27900.0
2023-12-05,3198,2240.0,2242.0,2153.0,2159.0,0,0,138000.0,300786900.0,1.0,2240.0,2242.0,2153.0,2159.0,138000.0
2023-12-06,3198,2156.0,2188.0,2156.0,2178.0,0,0,29000.0,63059200.0,1.0,2156.0,2188.0,2156.0,2178.0,29000.0
2023-12-07,3198,2153.0,2153.0,2117.0,2126.0,0,0,71800.0,153120300.0,1.0,2153.0,2153.0,2117.0,2126.0,71800.0
2023-12-08,3198,2110.0,2136.0,2084.0,2096.0,0,0,76800.0,161609600.0,1.0,2110.0,2136.0,2084.0,2096.0,76800.0
2023-12-11,3198,2110.0,2125.0,2100.0,2122.0,0,0,41000.0,86665900.0,1.0,2110.0,2125.0,2100.0,2122.0,41000.0
2023-12-12,3198,2134.0,2140.0,2109.0,2115.0,0,0,27300.0,57981800.0,1.0,2134.0,2140.0,2109.0,2115.0,27300.0
2023-12-13,3198,2115.0,2133.0,2112.0,2124.0,0,0,23200.0,49231200.0,1.0,2115.0,2133.0,2112.0,2124.0,23200.0
2023-12-14,3198,2124.0,2124.0,2083.0,2091.0,0,0,51100.0,107377100.0,1.0,2124.0,2124.0,2083.0,2091.0,51100.0
2023-12-15,3198,2100.0,2100.0,2066.0,2073.0,0,0,57200.0,119297800.0,1.0,2100.0,2100.0,2066.0,2073.0,57200.0
2023-12-18,3198,2063.0,2101.0,2061.0,2092.0,0,0,55100.0,114454900.0,1.0,2063.0,2101.0,2061.0,2092.0,55100.0
2023-12-19,3198,2092.0,2106.0,2075.0,2106.0,0,0,41500.0,86851900.0,1.0,2092.0,2106.0,2075.0,2106.0,41500.0
2023-12-20,3198,2100.0,2113.0,2094.0,2097.0,0,0,46600.0,97848700.0,1.0,2100.0,2113.0,2094.0,2097.0,46600.0
2023-12-21,3198,2081.0,2082.0,2065.0,2075.0,0,0,48700.0,101161300.0,1.0,2081.0,2082.0,2065.0,2075.0,48700.0
2023-12-22,3198,2084.0,2097.0,2080.0,2084.0,0,0,59300.0,123740000.0,1.0,2084.0,2097.0,2080.0,2084.0,59300.0
2023-12-25,3198,2086.0,2106.0,2078.0,2099.0,0,0,101500.0,212247700.0,1.0,2086.0,2106.0,2078.0,2099.0,101500.0
2023-12-26,3198,2109.0,2109.0,2067.0,2072.0,0,0,89700.0,187677200.0,1.0,2109.0,2109.0,2067.0,2072.0,89700.0
2023-12-27,3198,2090.0,2090.0,2073.0,2084.0,0,0,98300.0,204877800.0,1.0,2090.0,2090.0,2073.0,2084.0,98300.0
2023-12-28,3198,2077.0,2109.0,2073.0,2097.0,0,0,155500.0,325144800.0,1.0,2077.0,2109.0,2073.0,2097.0,155500.0
2023-12-29,3198,2100.0,2128.0,2095.0,2119.0,0,0,81100.0,171154200.0,1.0,2100.0,2128.0,2095.0,2119.0,81100.0
2024-01-04,3198,2100.0,2113.0,2065.0,2100.0,0,0,93700.0,196280300.0,1.0,2100.0,2113.0,2065.0,2100.0,93700.0
2024-01-05,3198,2117.0,2132.0,2100.0,2130.0,0,0,65100.0,137840100.0,1.0,2117.0,2132.0,2100.0,2130.0,65100.0
2024-01-09,3198,2140.0,2181.0,2140.0,2179.0,0,0,80500.0,173930000.0,1.0,2140.0,2181.0,2140.0,2179.0,80500.0
2024-01-10,3198,2185.0,2197.0,2155.0,2161.0,0,0,84700.0,183437200.0,1.0,2185.0,2197.0,2155.0,2161.0,84700.0
2024-01-11,3198,2170.0,2170.0,2127.0,2147.0,0,0,99600.0,213735000.0,1.0,2170.0,2170.0,2127.0,2147.0,99600.0
2024-01-12,3198,2125.0,2140.0,2094.0,2112.0,0,0,146300.0,309449100.0,1.0,2125.0,2140.0,2094.0,2112.0,146300.0
2024-01-15,3198,2104.0,2130.0,2088.0,2127.0,0,0,91300.0,193057900.0,1.0,2104.0,2130.0,2088.0,2127.0,91300.0
2024-01-16,3198,2127.0,2127.0,2085.0,2085.0,0,0,145800.0,306093400.0,1.0,2127.0,2127.0,2085.0,2085.0,145800.0
2024-01-17,3198,2100.0,2121.0,2094.0,2100.0,0,0,100300.0,211784600.0,1.0,2100.0,2121.0,2094.0,2100.0,100300.0
2024-01-18,3198,2116.0,2116.0,2084.0,2097.0,0,0,54300.0,113838700.0,1.0,2116.0,2116.0,2084.0,2097.0,54300.0
2024-01-19,3198,2110.0,2116.0,2075.0,2080.0,0,0,80800.0,168905300.0,1.0,2110.0,2116.0,2075.0,2080.0,80800.0
2024-01-22,3198,2099.0,2109.0,2085.0,2107.0,0,0,69700.0,146447900.0,1.0,2099.0,2109.0,2085.0,2107.0,69700.0
2024-01-23,3198,2109.0,2109.0,2086.0,2087.0,0,0,71200.0,149158900.0,1.0,2109.0,2109.0,2086.0,2087.0,71200.0
2024-01-24,3198,2095.0,2101.0,2075.0,2078.0,0,0,55100.0,114828700.0,1.0,2095.0,2101.0,2075.0,2078.0,55100.0
2024-01-25,3198,2089.0,2098.0,2081.0,2096.0,0,0,29500.0,61657700.0,1.0,2089.0,2098.0,2081.0,2096.0,29500.0
2024-01-26,3198,2125.0,2137.0,2099.0,2104.0,0,0,116700.0,247018100.0,1.0,2125.0,2137.0,2099.0,2104.0,116700.0
2024-01-29,3198,2127.0,2145.0,2115.0,2139.0,0,0,44700.0,95337900.0,1.0,2127.0,2145.0,2115.0,2139.0,44700.0
2024-01-30,3198,2140.0,2161.0,2135.0,2156.0,0,0,77200.0,166041200.0,1.0,2140.0,2161.0,2135.0,2156.0,77200.0
2024-01-31,3198,2153.0,2153.0,2125.0,2146.0,0,0,63700.0,136024400.0,1.0,2153.0,2153.0,2125.0,2146.0,63700.0
2024-02-01,3198,2135.0,2140.0,2118.0,2131.0,0,0,47000.0,100083100.0,1.0,2135.0,2140.0,2118.0,2131.0,47000.0
2024-02-02,3198,2130.0,2131.0,2097.0,2114.0,0,0,99400.0,209699500.0,1.0,2130.0,2131.0,2097.0,2114.0,99400.0
2024-02-05,3198,2128.0,2128.0,2103.0,2128.0,0,0,62100.0,131644300.0,1.0,2128.0,2128.0,2103.0,2128.0,62100.0
2024-02-06,3198,2121.0,2121.0,2097.0,2106.0,0,0,100400.0,211703900.0,1.0,2121.0,2121.0,2097.0,2106.0,100400.0
2024-02-07,3198,2115.0,2127.0,2099.0,2125.0,0,0,41300.0,87306800.0,1.0,2115.0,2127.0,2099.0,2125.0,41300.0
2024-02-08,3198,2120.0,2125.0,2098.0,2116.0,0,0,45800.0,96741300.0,1.0,2120.0,2125.0,2098.0,2116.0,45800.0
2024-02-09,3198,2106.0,2133.0,2101.0,2113.0,0,0,41000.0,86935500.0,1.0,2106.0,2133.0,2101.0,2113.0,41000.0
2024-02-13,3198,2120.0,2127.0,2097.0,2108.0,0,0,74500.0,156776400.0,1.0,2120.0,2127.0,2097.0,2108.0,74500.0
2024-02-14,3198,2101.0,2106.0,2085.0,2090.0,0,0,58200.0,121801600.0,1.0,2101.0,2106.0,2085.0,2090.0,58200.0
2024-02-15,3198,2096.0,2096.0,2065.0,2065.0,0,0,78900.0,163801300.0,1.0,2096.0,2096.0,2065.0,2065.0,78900.0
2024-02-16,3198,2080.0,2086.0,2069.0,2075.0,0,0,69800.0,145187000.0,1.0,2080.0,2086.0,2069.0,2075.0,69800.0
2024-02-19,3198,2075.0,2098.0,2067.0,2090.0,0,0,61600.0,128281000.0,1.0,2075.0,2098.0,2067.0,2090.0,61600.0
2024-02-20,3198,2100.0,2106.0,2088.0,2093.0,0,0,59600.0,124823100.0,1.0,2100.0,2106.0,2088.0,2093.0,59600.0
2024-02-21,3198,2088.0,2092.0,2082.0,2087.0,0,0,42900.0,89525800.0,1.0,2088.0,2092.0,2082.0,2087.0,42900.0
2024-02-22,3198,2098.0,2101.0,2090.0,2101.0,0,0,44100.0,92497300.0,1.0,2098.0,2101.0,2090.0,2101.0,44100.0
2024-02-26,3198,2109.0,2115.0,2100.0,2110.0,0,0,76100.0,160442100.0,1.0,2109.0,2115.0,2100.0,2110.0,76100.0
2024-02-27,3198,2110.0,2116.0,2090.0,2093.0,0,0,280500.0,589700900.0,1.0,2110.0,2116.0,2090.0,2093.0,280500.0
2024-02-28,3198,2056.0,2071.0,2050.0,2055.0,0,0,225300.0,463401700.0,1.0,2056.0,2071.0,2050.0,2055.0,225300.0
2024-02-29,3198,2051.0,2051.0,1998.0,2000.0,0,0,149300.0,300152600.0,1.0,2051.0,2051.0,1998.0,2000.0,149300.0
2024-03-01,3198,1995.0,1995.0,1972.0,1977.0,0,0,108900.0,215796300.0,1.0,1995.0,1995.0,1972.0,1977.0,108900.0
2024-03-04,3198,1975.0,1983.0,1948.0,1950.0,0,0,107200.0,210410200.0,1.0,1975.0,1983.0,1948.0,1950.0,107200.0
2024-03-05,3198,1941.0,1945.0,1913.0,1935.0,0,0,73900.0,142682700.0,1.0,1941.0,1945.0,1913.0,1935.0,73900.0
2024-03-06,3198,1924.0,1989.0,1911.0,1956.0,0,0,78900.0,153688000.0,1.0,1924.0,1989.0,1911.0,1956.0,78900.0
2024-03-07,3198,1956.0,1958.0,1932.0,1948.0,0,0,54400.0,105814700.0,1.0,1956.0,1958.0,1932.0,1948.0,54400.0
2024-03-08,3198,1930.0,1939.0,1907.0,1926.0,0,0,76900.0,148191600.0,1.0,1930.0,1939.0,1907.0,1926.0,76900.0
2024-03-11,3198,1910.0,1923.0,1866.0,1875.0,0,0,129300.0,243975800.0,1.0,1910.0,1923.0,1866.0,1875.0,129300.0
2024-03-12,3198,1875.0,1901.0,1860.0,1900.0,0,0,90900.0,171881200.0,1.0,1875.0,1901.0,1860.0,1900.0,90900.0
2024-03-13,3198,1900.0,1906.0,1874.0,1891.0,0,0,60400.0,114033200.0,1.0,1900.0,1906.0,1874.0,1891.0,60400.0
2024-03-14,3198,1891.0,1913.0,1886.0,1910.0,0,0,44100.0,83848900.0,1.0,1891.0,1913.0,1886.0,1910.0,44100.0
2024-03-15,3198,1907.0,1964.0,1907.0,1944.0,0,0,71000.0,138040300.0,1.0,1907.0,1964.0,1907.0,1944.0,71000.0
2024-03-18,3198,1950.0,1950.0,1926.0,1927.0,0,0,31100.0,60107000.0,1.0,1950.0,1950.0,1926.0,1927.0,31100.0
2024-03-19,3198,1927.0,1936.0,1914.0,1931.0,0,0,25800.0,49726100.0,1.0,1927.0,1936.0,1914.0,1931.0,25800.0
2024-03-21,3198,1934.0,1942.0,1915.0,1915.0,0,0,40400.0,77823600.0,1.0,1934.0,1942.0,1915.0,1915.0,40400.0
2024-03-22,3198,1918.0,1940.0,1913.0,1938.0,0,0,62300.0,120264800.0,1.0,1918.0,1940.0,1913.0,1938.0,62300.0
2024-03-25,3198,1927.0,1933.0,1913.0,1919.0,0,0,56000.0,107731500.0,1.0,1927.0,1933.0,1913.0,1919.0,56000.0
2024-03-26,3198,1912.0,1916.0,1894.0,1907.0,0,0,61800.0,117746500.0,1.0,1912.0,1916.0,1894.0,1907.0,61800.0
2024-03-27,3198,1920.0,1933.0,1910.0,1927.0,0,0,39000.0,75051000.0,1.0,1920.0,1933.0,1910.0,1927.0,39000.0
2024-03-28,3198,1923.0,1931.0,1911.0,1920.0,0,0,119300.0,229084700.0,1.0,1923.0,1931.0,1911.0,1920.0,119300.0
2024-03-29,3198,1929.0,1965.0,1929.0,1953.0,0,0,60100.0,117390600.0,1.0,1929.0,1965.0,1929.0,1953.0,60100.0
2024-04-01,3198,1967.0,1967.0,1936.0,1939.0,0,0,28300.0,55085500.0,1.0,1967.0,1967.0,1936.0,1939.0,28300.0
2024-04-02,3198,1937.0,1937.0,1906.0,1908.0,0,0,47100.0,90161800.0,1.0,1937.0,1937.0,1906.0,1908.0,47100.0
2024-04-03,3198,1905.0,1927.0,1899.0,1912.0,0,0,38100.0,72865700.0,1.0,1905.0,1927.0,1899.0,1912.0,38100.0
2024-04-04,3198,1912.0,1918.0,1900.0,1908.0,0,0,33200.0,63392800.0,1.0,1912.0,1918.0,1900.0,1908.0,33200.0
2024-04-05,3198,1905.0,1925.0,1900.0,1920.0,0,0,36300.0,69459000.0,1.0,1905.0,1925.0,1900.0,1920.0,36300.0
2024-04-08,3198,1928.0,1937.0,1924.0,1937.0,0,0,20100.0,38803300.0,1.0,1928.0,1937.0,1924.0,1937.0,20100.0
2024-04-09,3198,1937.0,1941.0,1925.0,1936.0,0,0,19800.0,38234100.0,1.0,1937.0,1941.0,1925.0,1936.0,19800.0
2024-04-10,3198,1939.0,1951.0,1929.0,1934.0,0,0,28900.0,56099200.0,1.0,1939.0,1951.0,1929.0,1934.0,28900.0
2024-04-11,3198,1939.0,1942.0,1913.0,1917.0,0,0,33900.0,65188900.0,1.0,1939.0,1942.0,1913.0,1917.0,33900.0
2024-04-12,3198,1950.0,1965.0,1900.0,1917.0,0,0,104100.0,200373900.0,1.0,1950.0,1965.0,1900.0,1917.0,104100.0
2024-04-15,3198,1967.0,2012.0,1967.0,1983.0,0,0,156300.0,311204500.0,1.0,1967.0,2012.0,1967.0,1983.0,156300.0
2024-04-16,3198,1974.0,2006.0,1954.0,1972.0,0,0,65900.0,130417300.0,1.0,1974.0,2006.0,1954.0,1972.0,65900.0
2024-04-17,3198,1972.0,1974.0,1925.0,1925.0,0,0,41300.0,80131700.0,1.0,1972.0,1974.0,1925.0,1925.0,41300.0
2024-04-18,3198,1941.0,1975.0,1941.0,1963.0,0,0,35300.0,69261300.0,1.0,1941.0,1975.0,1941.0,1963.0,35300.0
2024-04-19,3198,1965.0,1965.0,1917.0,1938.0,0,0,44600.0,86275400.0,1.0,1965.0,1965.0,1917.0,1938.0,44600.0
2024-04-22,3198,1963.0,1993.0,1963.0,1992.0,0,0,50700.0,100594700.0,1.0,1963.0,1993.0,1963.0,1992.0,50700.0
2024-04-23,3198,1995.0,2010.0,1990.0,2010.0,0,0,26800.0,53656400.0,1.0,1995.0,2010.0,1990.0,2010.0,26800.0
2024-04-24,3198,2013.0,2017.0,2005.0,2014.0,0,0,30100.0,60564800.0,1.0,2013.0,2017.0,2005.0,2014.0,30100.0
2024-04-25,3198,2018.0,2029.0,2008.0,2014.0,0,0,41900.0,84574800.0,1.0,2018.0,2029.0,2008.0,2014.0,41900.0
2024-04-26,3198,2024.0,2030.0,2002.0,2026.0,0,0,43700.0,88403800.0,1.0,2024.0,2030.0,2002.0,2026.0,43700.0
2024-04-30,3198,2035.0,2057.0,2023.0,2055.0,0,0,50700.0,103603300.0,1.0,2035.0,2057.0,2023.0,2055.0,50700.0
2024-05-01,3198,2054.0,2071.0,2052.0,2070.0,0,0,37900.0,78216500.0,1.0,2054.0,2071.0,2052.0,2070.0,37900.0
2024-05-02,3198,2071.0,2079.0,2038.0,2055.0,0,0,32800.0,67424600.0,1.0,2071.0,2079.0,2038.0,2055.0,32800.0
2024-05-07,3198,2071.0,2079.0,2060.0,2066.0,0,0,50200.0,103985600.0,1.0,2071.0,2079.0,2060.0,2066.0,50200.0
2024-05-08,3198,2065.0,2082.0,2062.0,2062.0,0,0,36300.0,75173100.0,1.0,2065.0,2082.0,2062.0,2062.0,36300.0
2024-05-09,3198,2073.0,2085.0,2055.0,2078.0,0,0,30800.0,63881000.0,1.0,2073.0,2085.0,2055.0,2078.0,30800.0
2024-05-10,3198,2083.0,2083.0,2056.0,2061.0,0,0,21600.0,44685200.0,1.0,2083.0,2083.0,2056.0,2061.0,21600.0
2024-05-13,3198,2070.0,2083.0,2063.0,2069.0,0,0,31600.0,65486700.0,1.0,2070.0,2083.0,2063.0,2069.0,31600.0
2024-05-14,3198,2068.0,2075.0,2062.0,2062.0,0,0,22100.0,45699000.0,1.0,2068.0,2075.0,2062.0,2062.0,22100.0
2024-05-15,3198,2063.0,2067.0,2044.0,2054.0,0,0,33800.0,69454800.0,1.0,2063.0,2067.0,2044.0,2054.0,33800.0
2024-05-16,3198,2053.0,2068.0,2046.0,2061.0,0,0,31700.0,65252400.0,1.0,2053.0,2068.0,2046.0,2061.0,31700.0
2024-05-17,3198,2060.0,2090.0,2060.0,2085.0,0,0,41500.0,86304800.0,1.0,2060.0,2090.0,2060.0,2085.0,41500.0
2024-05-20,3198,2085.0,2091.0,2068.0,2070.0,0,0,40300.0,83771200.0,1.0,2085.0,2091.0,2068.0,2070.0,40300.0
2024-05-21,3198,2080.0,2087.0,2068.0,2068.0,0,0,20700.0,43004000.0,1.0,2080.0,2087.0,2068.0,2068.0,20700.0
2024-05-22,3198,2070.0,2085.0,2064.0,2068.0,0,0,27500.0,57027900.0,1.0,2070.0,2085.0,2064.0,2068.0,27500.0
2024-05-23,3198,2071.0,2075.0,2052.0,2052.0,0,0,33000.0,68109500.0,1.0,2071.0,2075.0,2052.0,2052.0,33000.0
2024-05-24,3198,2028.0,2077.0,2022.0,2062.0,0,0,26200.0,53689700.0,1.0,2028.0,2077.0,2022.0,2062.0,26200.0
2024-05-27,3198,2075.0,2084.0,2064.0,2071.0,0,0,43900.0,91082600.0,1.0,2075.0,2084.0,2064.0,2071.0,43900.0
2024-05-28,3198,2067.0,2075.0,2041.0,2041.0,0,0,38000.0,78048500.0,1.0,2067.0,2075.0,2041.0,2041.0,38000.0
2024-05-29,3198,2046.0,2047.0,2017.0,2020.0,0,0,32800.0,66697700.0,1.0,2046.0,2047.0,2017.0,2020.0,32800.0
2024-05-30,3198,2007.0,2050.0,2003.0,2037.0,0,0,39900.0,81061500.0,1.0,2007.0,2050.0,2003.0,2037.0,39900.0
2024-05-31,3198,2055.0,2065.0,2037.0,2054.0,0,0,47900.0,98237400.0,1.0,2055.0,2065.0,2037.0,2054.0,47900.0
2024-06-03,3198,2070.0,2073.0,2054.0,2065.0,0,0,42300.0,87411700.0,1.0,2070.0,2073.0,2054.0,2065.0,42300.0
2024-06-04,3198,2061.0,2092.0,2059.0,2091.0,0,0,48100.0,100023000.0,1.0,2061.0,2092.0,2059.0,2091.0,48100.0
2024-06-05,3198,2087.0,2096.0,2078.0,2093.0,0,0,34200.0,71504800.0,1.0,2087.0,2096.0,2078.0,2093.0,34200.0
2024-06-06,3198,2097.0,2097.0,2076.0,2089.0,0,0,33000.0,68951800.0,1.0,2097.0,2097.0,2076.0,2089.0,33000.0
2024-06-07,3198,2076.0,2091.0,2070.0,2091.0,0,0,30500.0,63479000.0,1.0,2076.0,2091.0,2070.0,2091.0,30500.0
2024-06-10,3198,2092.0,2095.0,2083.0,2094.0,0,0,26400.0,55215600.0,1.0,2092.0,2095.0,2083.0,2094.0,26400.0
2024-06-11,3198,2097.0,2115.0,2092.0,2092.0,0,0,63600.0,133706500.0,1.0,2097.0,2115.0,2092.0,2092.0,63600.0
2024-06-12,3198,2091.0,2095.0,2083.0,2089.0,0,0,19700.0,41155400.0,1.0,2091.0,2095.0,2083.0,2089.0,19700.0
2024-06-13,3198,2094.0,2094.0,2070.0,2070.0,0,0,31400.0,65505500.0,1.0,2094.0,2094.0,2070.0,2070.0,31400.0
2024-06-14,3198,2060.0,2114.0,2060.0,2113.0,0,0,75700.0,158429800.0,1.0,2060.0,2114.0,2060.0,2113.0,75700.0
2024-06-17,3198,2115.0,2115.0,2088.0,2094.0,0,0,44400.0,93449700.0,1.0,2115.0,2115.0,2088.0,2094.0,44400.0
2024-06-18,3198,2101.0,2126.0,2101.0,2120.0,0,0,51700.0,109377800.0,1.0,2101.0,2126.0,2101.0,2120.0,51700.0
2024-06-19,3198,2133.0,2135.0,2120.0,2130.0,0,0,45800.0,97537300.0,1.0,2133.0,2135.0,2120.0,2130.0,45800.0
2024-06-20,3198,2140.0,2150.0,2128.0,2131.0,0,0,75600.0,161623300.0,1.0,2140.0,2150.0,2128.0,2131.0,75600.0
2024-06-21,3198,2134.0,2147.0,2131.0,2135.0,0,0,125400.0,267783000.0,1.0,2134.0,2147.0,2131.0,2135.0,125400.0
2024-06-24,3198,2145.0,2146.0,2121.0,2137.0,0,0,78800.0,168750500.0,1.0,2145.0,2146.0,2121.0,2137.0,78800.0
2024-06-25,3198,2153.0,2168.0,2148.0,2153.0,0,0,57200.0,123437600.0,1.0,2153.0,2168.0,2148.0,2153.0,57200.0
2024-06-26,3198,2157.0,2173.0,2152.0,2158.0,0,0,60500.0,130795600.0,1.0,2157.0,2173.0,2152.0,2158.0,60500.0
2024-06-27,3198,2159.0,2196.0,2138.0,2178.0,0,0,60300.0,131185000.0,1.0,2159.0,2196.0,2138.0,2178.0,60300.0
2024-06-28,3198,2180.0,2180.0,2153.0,2167.0,0,0,30700.0,66446300.0,1.0,2180.0,2180.0,2153.0,2167.0,30700.0
2024-07-01,3198,2174.0,2180.0,2158.0,2164.0,0,0,26700.0,57852800.0,1.0,2174.0,2180.0,2158.0,2164.0,26700.0
2024-07-02,3198,2161.0,2177.0,2161.0,2169.0,0,0,27800.0,60250500.0,1.0,2161.0,2177.0,2161.0,2169.0,27800.0
2024-07-03,3198,2167.0,2179.0,2162.0,2162.0,0,0,19200.0,41643800.0,1.0,2167.0,2179.0,2162.0,2162.0,19200.0
2024-07-04,3198,2162.0,2177.0,2162.0,2168.0,0,0,14200.0,30789300.0,1.0,2162.0,2177.0,2162.0,2168.0,14200.0
2024-07-05,3198,2169.0,2177.0,2155.0,2163.0,0,0,24700.0,53462500.0,1.0,2169.0,2177.0,2155.0,2163.0,24700.0
2024-07-08,3198,2156.0,2161.0,2132.0,2136.0,0,0,33500.0,71772200.0,1.0,2156.0,2161.0,2132.0,2136.0,33500.0
2024-07-09,3198,2134.0,2156.0,2134.0,2142.0,0,0,24500.0,52555400.0,1.0,2134.0,2156.0,2134.0,2142.0,24500.0
2024-07-10,3198,2140.0,2157.0,2139.0,2148.0,0,0,39800.0,85405300.0,1.0,2140.0,2157.0,2139.0,2148.0,39800.0
2024-07-11,3198,2155.0,2159.0,2125.0,2125.0,0,0,45600.0,97343600.0,1.0,2155.0,2159.0,2125.0,2125.0,45600.0
2024-07-12,3198,2120.0,2143.0,2118.0,2118.0,0,0,46500.0,98871800.0,1.0,2120.0,2143.0,2118.0,2118.0,46500.0
2024-07-16,3198,2110.0,2123.0,2064.0,2072.0,0,0,103800.0,216853000.0,1.0,2110.0,2123.0,2064.0,2072.0,103800.0
2024-07-17,3198,2098.0,2098.0,2052.0,2058.0,0,0,57900.0,119658600.0,1.0,2098.0,2098.0,2052.0,2058.0,57900.0
2024-07-18,3198,2058.0,2080.0,2058.0,2061.0,0,0,29000.0,59946900.0,1.0,2058.0,2080.0,2058.0,2061.0,29000.0
2024-07-19,3198,2062.0,2071.0,2051.0,2059.0,0,0,35700.0,73521000.0,1.0,2062.0,2071.0,2051.0,2059.0,35700.0
2024-07-22,3198,2071.0,2072.0,2054.0,2054.0,0,0,20400.0,42040100.0,1.0,2071.0,2072.0,2054.0,2054.0,20400.0
2024-07-23,3198,2055.0,2068.0,2055.0,2066.0,0,0,16000.0,32992400.0,1.0,2055.0,2068.0,2055.0,2066.0,16000.0
2024-07-24,3198,2069.0,2070.0,2045.0,2045.0,0,0,32900.0,67594300.0,1.0,2069.0,2070.0,2045.0,2045.0,32900.0
2024-07-25,3198,2040.0,2075.0,2031.0,2061.0,0,0,37800.0,77714400.0,1.0,2040.0,2075.0,2031.0,2061.0,37800.0
2024-07-26,3198,2070.0,2079.0,2054.0,2054.0,0,0,27800.0,57371700.0,1.0,2070.0,2079.0,2054.0,2054.0,27800.0
2024-07-29,3198,2072.0,2097.0,2064.0,2097.0,0,0,26500.0,55255300.0,1.0,2072.0,2097.0,2064.0,2097.0,26500.0
2024-07-30,3198,2097.0,2098.0,2080.0,2086.0,0,0,18400.0,38410700.0,1.0,2097.0,2098.0,2080.0,2086.0,18400.0
2024-07-31,3198,2080.0,2125.0,2080.0,2125.0,0,0,28300.0,59598100.0,1.0,2080.0,2125.0,2080.0,2125.0,28300.0
2024-08-01,3198,2125.0,2126.0,2074.0,2088.0,0,0,36700.0,76854500.0,1.0,2125.0,2126.0,2074.0,2088.0,36700.0
2024-08-02,3198,2043.0,2055.0,2011.0,2011.0,0,0,64700.0,131218100.0,1.0,2043.0,2055.0,2011.0,2011.0,64700.0
2024-08-05,3198,2000.0,2010.0,1863.0,1883.0,0,0,90200.0,176839800.0,1.0,2000.0,2010.0,1863.0,1883.0,90200.0
2024-08-06,3198,1961.0,2053.0,1961.0,2016.0,0,0,65400.0,131374600.0,1.0,1961.0,2053.0,1961.0,2016.0,65400.0
2024-08-07,3198,2001.0,2049.0,1990.0,2020.0,0,0,37500.0,75882700.0,1.0,2001.0,2049.0,1990.0,2020.0,37500.0
2024-08-08,3198,2009.0,2045.0,2006.0,2006.0,0,0,30000.0,60579500.0,1.0,2009.0,2045.0,2006.0,2006.0,30000.0
2024-08-09,3198,2051.0,2051.0,2010.0,2023.0,0,0,22400.0,45553900.0,1.0,2051.0,2051.0,2010.0,2023.0,22400.0
2024-08-13,3198,2041.0,2054.0,2027.0,2045.0,0,0,23800.0,48682400.0,1.0,2041.0,2054.0,2027.0,2045.0,23800.0
2024-08-14,3198,2041.0,2054.0,2030.0,2043.0,0,0,22100.0,45168600.0,1.0,2041.0,2054.0,2030.0,2043.0,22100.0
2024-08-15,3198,2043.0,2074.0,2043.0,2074.0,0,0,24100.0,49745200.0,1.0,2043.0,2074.0,2043.0,2074.0,24100.0
2024-08-16,3198,2099.0,2099.0,2074.0,2078.0,0,0,23800.0,49617400.0,1.0,2099.0,2099.0,2074.0,2078.0,23800.0
2024-08-19,3198,2078.0,2093.0,2072.0,2084.0,0,0,24800.0,51621300.0,1.0,2078.0,2093.0,2072.0,2084.0,24800.0
2024-08-20,3198,2084.0,2112.0,2084.0,2112.0,0,0,28700.0,60340100.0,1.0,2084.0,2112.0,2084.0,2112.0,28700.0
2024-08-21,3198,2103.0,2118.0,2100.0,2100.0,0,0,23000.0,48481400.0,1.0,2103.0,2118.0,2100.0,2100.0,23000.0
2024-08-22,3198,2101.0,2123.0,2101.0,2121.0,0,0,16900.0,35771200.0,1.0,2101.0,2123.0,2101.0,2121.0,16900.0
2024-08-23,3198,2122.0,2130.0,2110.0,2122.0,0,0,25900.0,54894100.0,1.0,2122.0,2130.0,2110.0,2122.0,25900.0
2024-08-26,3198,2129.0,2130.0,2117.0,2125.0,0,0,57200.0,121498300.0,1.0,2129.0,2130.0,2117.0,2125.0,57200.0
2024-08-27,3198,2130.0,2136.0,2125.0,2128.0,0,0,57600.0,122674700.0,1.0,2130.0,2136.0,2125.0,2128.0,57600.0
2024-08-28,3198,2118.0,2124.0,2108.0,2109.0,0,0,196100.0,414692800.0,1.0,2118.0,2124.0,2108.0,2109.0,196100.0
2024-08-29,3198,2070.0,2071.0,2023.0,2034.0,0,0,199200.0,409501500.0,1.0,2070.0,2071.0,2023.0,2034.0,199200.0
2024-08-30,3198,2034.0,2034.0,2016.0,2020.0,0,0,31800.0,64392600.0,1.0,2034.0,2034.0,2016.0,2020.0,31800.0
2024-09-02,3198,2023.0,2024.0,1994.0,1995.0,0,0,39300.0,78753800.0,1.0,2023.0,2024.0,1994.0,1995.0,39300.0
2024-09-03,3198,1995.0,2007.0,1992.0,1996.0,0,0,31100.0,62086600.0,1.0,1995.0,2007.0,1992.0,1996.0,31100.0
2024-09-04,3198,1986.0,1998.0,1968.0,1976.0,0,0,55600.0,110160700.0,1.0,1986.0,1998.0,1968.0,1976.0,55600.0
2024-09-05,3198,1974.0,1985.0,1961.0,1973.0,0,0,30600.0,60361800.0,1.0,1974.0,1985.0,1961.0,1973.0,30600.0
2024-09-06,3198,1976.0,1979.0,1956.0,1960.0,0,0,34200.0,67210400.0,1.0,1976.0,1979.0,1956.0,1960.0,34200.0
2024-09-09,3198,1950.0,1975.0,1942.0,1966.0,0,0,43400.0,85061500.0,1.0,1950.0,1975.0,1942.0,1966.0,43400.0
2024-09-10,3198,1966.0,1998.0,1966.0,1987.0,0,0,21500.0,42702400.0,1.0,1966.0,1998.0,1966.0,1987.0,21500.0
2024-09-11,3198,1982.0,1982.0,1918.0,1924.0,0,0,46200.0,89673300.0,1.0,1982.0,1982.0,1918.0,1924.0,46200.0
2024-09-12,3198,1957.0,1957.0,1930.0,1940.0,0,0,25200.0,48964900.0,1.0,1957.0,1957.0,1930.0,1940.0,25200.0
2024-09-13,3198,1944.0,1956.0,1944.0,1945.0,0,0,25700.0,50061400.0,1.0,1944.0,1956.0,1944.0,1945.0,25700.0
2024-09-17,3198,1940.0,1960.0,1940.0,1960.0,0,0,22900.0,44634400.0,1.0,1940.0,1960.0,1940.0,1960.0,22900.0
2024-09-18,3198,1960.0,1993.0,1960.0,1991.0,0,0,31600.0,62511800.0,1.0,1960.0,1993.0,1960.0,1991.0,31600.0
2024-09-19,3198,1999.0,2002.0,1979.0,1983.0,0,0,26300.0,52342500.0,1.0,1999.0,2002.0,1979.0,1983.0,26300.0
2024-09-20,3198,2004.0,2007.0,1994.0,2007.0,0,0,41900.0,83905000.0,1.0,2004.0,2007.0,1994.0,2007.0,41900.0
2024-09-24,3198,2007.0,2010.0,1995.0,1995.0,0,0,30000.0,60087200.0,1.0,2007.0,2010.0,1995.0,1995.0,30000.0
2024-09-25,3198,1993.0,1999.0,1982.0,1995.0,0,0,24300.0,48427400.0,1.0,1993.0,1999.0,1982.0,1995.0,24300.0
2024-09-26,3198,1995.0,2026.0,1993.0,2026.0,0,0,67900.0,136634700.0,1.0,1995.0,2026.0,1993.0,2026.0,67900.0
2024-09-27,3198,2014.0,2026.0,2008.0,2011.0,0,0,27700.0,55835000.0,1.0,2014.0,2026.0,2008.0,2011.0,27700.0
2024-09-30,3198,1981.0,1998.0,1971.0,1977.0,0,0,40000.0,79267900.0,1.0,1981.0,1998.0,1971.0,1977.0,40000.0
2024-10-01,3198,1974.0,1990.0,1967.0,1989.0,0,0,26200.0,51930900.0,1.0,1974.0,1990.0,1967.0,1989.0,26200.0
2024-10-02,3198,1998.0,2003.0,1967.0,1967.0,0,0,35800.0,70830300.0,1.0,1998.0,2003.0,1967.0,1967.0,35800.0
2024-10-03,3198,1981.0,1981.0,1969.0,1969.0,0,0,17600.0,34727400.0,1.0,1981.0,1981.0,1969.0,1969.0,17600.0
2024-10-04,3198,1980.0,1983.0,1970.0,1970.0,0,0,20300.0,40076700.0,1.0,1980.0,1983.0,1970.0,1970.0,20300.0
2024-10-07,3198,1977.0,1984.0,1972.0,1976.0,0,0,21200.0,41931700.0,1.0,1977.0,1984.0,1972.0,1976.0,21200.0
2024-10-08,3198,1982.0,1982.0,1944.0,1948.0,0,0,53200.0,104158500.0,1.0,1982.0,1982.0,1944.0,1948.0,53200.0
2024-10-09,3198,1953.0,1965.0,1943.0,1959.0,0,0,24800.0,48506000.0,1.0,1953.0,1965.0,1943.0,1959.0,24800.0
2024-10-10,3198,1965.0,1967.0,1945.0,1948.0,0,0,22300.0,43540700.0,1.0,1965.0,1967.0,1945.0,1948.0,22300.0
2024-10-11,3198,1954.0,1956.0,1942.0,1942.0,0,0,30100.0,58656600.0,1.0,1954.0,1956.0,1942.0,1942.0,30100.0
2024-10-15,3198,1942.0,1942.0,1908.0,1919.0,0,0,78400.0,150645100.0,1.0,1942.0,1942.0,1908.0,1919.0,78400.0
2024-10-16,3198,1902.0,1907.0,1873.0,1873.0,0,0,149400.0,282370300.0,1.0,1902.0,1907.0,1873.0,1873.0,149400.0
2024-10-17,3198,1883.0,1903.0,1882.0,1888.0,0,0,41900.0,79318400.0,1.0,1883.0,1903.0,1882.0,1888.0,41900.0
2024-10-18,3198,1903.0,1908.0,1899.0,1905.0,0,0,33100.0,63031900.0,1.0,1903.0,1908.0,1899.0,1905.0,33100.0
2024-10-21,3198,1907.0,1944.0,1903.0,1944.0,0,0,42400.0,81723500.0,1.0,1907.0,1944.0,1903.0,1944.0,42400.0
2024-10-22,3198,1939.0,1939.0,1919.0,1927.0,0,0,25200.0,48600000.0,1.0,1939.0,1939.0,1919.0,1927.0,25200.0
2024-10-23,3198,1927.0,1938.0,1913.0,1913.0,0,0,27500.0,52875500.0,1.0,1927.0,1938.0,1913.0,1913.0,27500.0
2024-10-24,3198,1910.0,1922.0,1905.0,1911.0,0,0,24800.0,47433400.0,1.0,1910.0,1922.0,1905.0,1911.0,24800.0
2024-10-25,3198,1922.0,1935.0,1910.0,1916.0,0,0,28800.0,55301800.0,1.0,1922.0,1935.0,1910.0,1916.0,28800.0
2024-10-28,3198,1921.0,1939.0,1919.0,1925.0,0,0,22000.0,42429800.0,1.0,1921.0,1939.0,1919.0,1925.0,22000.0
2024-10-29,3198,1929.0,1961.0,1929.0,1951.0,0,0,46300.0,90221700.0,1.0,1929.0,1961.0,1929.0,1951.0,46300.0
2024-10-30,3198,1956.0,1983.0,1954.0,1961.0,0,0,170400.0,334975500.0,1.0,1956.0,1983.0,1954.0,1961.0,170400.0
2024-10-31,3198,1974.0,1974.0,1945.0,1951.0,0,0,46400.0,90770100.0,1.0,1974.0,1974.0,1945.0,1951.0,46400.0
2024-11-01,3198,1951.0,1955.0,1934.0,1939.0,0,0,30000.0,58345700.0,1.0,1951.0,1955.0,1934.0,1939.0,30000.0
2024-11-05,3198,1940.0,1980.0,1940.0,1980.0,0,0,31800.0,62447800.0,1.0,1940.0,1980.0,1940.0,1980.0,31800.0
2024-11-06,3198,1980.0,1994.0,1967.0,1980.0,0,0,33400.0,66170400.0,1.0,1980.0,1994.0,1967.0,1980.0,33400.0
2024-11-07,3198,1988.0,2005.0,1987.0,1999.0,0,0,37400.0,74776300.0,1.0,1988.0,2005.0,1987.0,1999.0,37400.0
2024-11-08,3198,2003.0,2014.0,1983.0,1984.0,0,0,23000.0,45831700.0,1.0,2003.0,2014.0,1983.0,1984.0,23000.0
2024-11-11,3198,1984.0,1990.0,1961.0,1961.0,0,0,23900.0,47103200.0,1.0,1984.0,1990.0,1961.0,1961.0,23900.0
2024-11-12,3198,1964.0,1967.0,1950.0,1950.0,0,0,24100.0,47175000.0,1.0,1964.0,1967.0,1950.0,1950.0,24100.0
2024-11-13,3198,1960.0,1971.0,1948.0,1955.0,0,0,28700.0,56193400.0,1.0,1960.0,1971.0,1948.0,1955.0,28700.0
2024-11-14,3198,1955.0,1958.0,1925.0,1925.0,0,0,34700.0,67298400.0,1.0,1955.0,1958.0,1925.0,1925.0,34700.0
2024-11-15,3198,1926.0,1934.0,1918.0,1918.0,0,0,27600.0,53078600.0,1.0,1926.0,1934.0,1918.0,1918.0,27600.0
2024-11-18,3198,1911.0,1928.0,1911.0,1915.0,0,0,17300.0,33153500.0,1.0,1911.0,1928.0,1911.0,1915.0,17300.0
2024-11-19,3198,1925.0,1934.0,1920.0,1920.0,0,0,19300.0,37185000.0,1.0,1925.0,1934.0,1920.0,1920.0,19300.0
2024-11-20,3198,1920.0,1925.0,1907.0,1907.0,0,0,25900.0,49518700.0,1.0,1920.0,1925.0,1907.0,1907.0,25900.0
2024-11-21,3198,1910.0,1920.0,1905.0,1912.0,0,0,24400.0,46628500.0,1.0,1910.0,1920.0,1905.0,1912.0,24400.0
2024-11-22,3198,1919.0,1923.0,1909.0,1911.0,0,0,18400.0,35212200.0,1.0,1919.0,1923.0,1909.0,1911.0,18400.0
2024-11-25,3198,1923.0,1923.0,1905.0,1905.0,0,0,29200.0,55866600.0,1.0,1923.0,1923.0,1905.0,1905.0,29200.0
2024-11-26,3198,1906.0,1915.0,1887.0,1890.0,0,0,68400.0,129804700.0,1.0,1906.0,1915.0,1887.0,1890.0,68400.0
2024-11-27,3198,1890.0,1890.0,1871.0,1876.0,0,0,57400.0,107842900.0,1.0,1890.0,1890.0,1871.0,1876.0,57400.0
2024-11-28,3198,1876.0,1894.0,1867.0,1893.0,0,0,53100.0,99837300.0,1.0,1876.0,1894.0,1867.0,1893.0,53100.0
2024-11-29,3198,1893.0,1916.0,1893.0,1911.0,0,0,34800.0,66331000.0,1.0,1893.0,1916.0,1893.0,1911.0,34800.0
2024-12-02,3198,1911.0,1927.0,1908.0,1917.0,0,0,45300.0,86772300.0,1.0,1911.0,1927.0,1908.0,1917.0,45300.0
2024-12-03,3198,1932.0,1957.0,1932.0,1939.0,0,0,56000.0,108903800.0,1.0,1932.0,1957.0,1932.0,1939.0,56000.0
2024-12-04,3198,1934.0,1945.0,1922.0,1935.0,0,0,26500.0,51267000.0,1.0,1934.0,1945.0,1922.0,1935.0,26500.0
2024-12-05,3198,1947.0,1948.0,1933.0,1938.0,0,0,25900.0,50352000.0,1.0,1947.0,1948.0,1933.0,1938.0,25900.0
2024-12-06,3198,1948.0,1964.0,1948.0,1952.0,0,0,29400.0,57466600.0,1.0,1948.0,1964.0,1948.0,1952.0,29400.0
2024-12-09,3198,1962.0,1963.0,1953.0,1961.0,0,0,28700.0,56254900.0,1.0,1962.0,1963.0,1953.0,1961.0,28700.0
2024-12-10,3198,1969.0,1989.0,1969.0,1976.0,0,0,39500.0,78124400.0,1.0,1969.0,1989.0,1969.0,1976.0,39500.0
2024-12-11,3198,1975.0,1988.0,1974.0,1982.0,0,0,29400.0,58224500.0,1.0,1975.0,1988.0,1974.0,1982.0,29400.0
2024-12-12,3198,1988.0,1988.0,1971.0,1971.0,0,0,29500.0,58442700.0,1.0,1988.0,1988.0,1971.0,1971.0,29500.0
2024-12-13,3198,1964.0,1988.0,1958.0,1981.0,0,0,38000.0,75059600.0,1.0,1964.0,1988.0,1958.0,1981.0,38000.0
2024-12-16,3198,1984.0,1989.0,1973.0,1973.0,0,0,32500.0,64374800.0,1.0,1984.0,1989.0,1973.0,1973.0,32500.0
2024-12-17,3198,1970.0,1978.0,1960.0,1972.0,0,0,27400.0,53937400.0,1.0,1970.0,1978.0,1960.0,1972.0,27400.0
2024-12-18,3198,1972.0,1976.0,1961.0,1961.0,0,0,34500.0,67947900.0,1.0,1972.0,1976.0,1961.0,1961.0,34500.0
2024-12-19,3198,1958.0,1967.0,1953.0,1956.0,0,0,51700.0,101185100.0,1.0,1958.0,1967.0,1953.0,1956.0,51700.0
2024-12-20,3198,1978.0,1979.0,1944.0,1944.0,0,0,61100.0,120088700.0,1.0,1978.0,1979.0,1944.0,1944.0,61100.0
2024-12-23,3198,1972.0,1980.0,1934.0,1934.0,0,0,75100.0,146968900.0,1.0,1972.0,1980.0,1934.0,1934.0,75100.0
2024-12-24,3198,1940.0,1944.0,1920.0,1944.0,0,0,47900.0,92838400.0,1.0,1940.0,1944.0,1920.0,1944.0,47900.0
2024-12-25,3198,1957.0,1957.0,1925.0,1937.0,0,0,68000.0,131998600.0,1.0,1957.0,1957.0,1925.0,1937.0,68000.0
2024-12-26,3198,1947.0,1965.0,1941.0,1964.0,0,0,166200.0,324043300.0,1.0,1947.0,1965.0,1941.0,1964.0,166200.0
2024-12-27,3198,1971.0,2008.0,1971.0,1994.0,0,0,83800.0,166664400.0,1.0,1971.0,2008.0,1971.0,1994.0,83800.0
2024-12-30,3198,1994.0,2024.0,1985.0,1999.0,0,0,48700.0,97711500.0,1.0,1994.0,2024.0,1985.0,1999.0,48700.0
2025-01-06,3198,2005.0,2031.0,2004.0,2006.0,0,0,54300.0,109406200.0,1.0,2005.0,2031.0,2004.0,2006.0,54300.0
2025-01-07,3198,2004.0,2018.0,1998.0,2013.0,0,0,27900.0,56051600.0,1.0,2004.0,2018.0,1998.0,2013.0,27900.0
2025-01-08,3198,2010.0,2016.0,1992.0,1992.0,0,0,36300.0,72575100.0,1.0,2010.0,2016.0,1992.0,1992.0,36300.0
2025-01-09,3198,1991.0,1996.0,1984.0,1984.0,0,0,25500.0,50711800.0,1.0,1991.0,1996.0,1984.0,1984.0,25500.0
2025-01-10,3198,1982.0,1996.0,1982.0,1988.0,0,0,14900.0,29643500.0,1.0,1982.0,1996.0,1982.0,1988.0,14900.0
2025-01-14,3198,2030.0,2030.0,1992.0,2000.0,0,0,42100.0,84513600.0,1.0,2030.0,2030.0,1992.0,2000.0,42100.0
2025-01-15,3198,2026.0,2119.0,2026.0,2093.0,0,0,148800.0,310607300.0,1.0,2026.0,2119.0,2026.0,2093.0,148800.0
2025-01-16,3198,2066.0,2113.0,2048.0,2096.0,0,0,61000.0,127205000.0,1.0,2066.0,2113.0,2048.0,2096.0,61000.0
2025-01-17,3198,2100.0,2100.0,2054.0,2082.0,0,0,30800.0,63851200.0,1.0,2100.0,2100.0,2054.0,2082.0,30800.0
2025-01-20,3198,2108.0,2128.0,2095.0,2110.0,0,0,58000.0,122242300.0,1.0,2108.0,2128.0,2095.0,2110.0,58000.0
2025-01-21,3198,2110.0,2123.0,2107.0,2113.0,0,0,30100.0,63648600.0,1.0,2110.0,2123.0,2107.0,2113.0,30100.0
2025-01-22,3198,2114.0,2127.0,2084.0,2098.0,0,0,41900.0,88032000.0,1.0,2114.0,2127.0,2084.0,2098.0,41900.0
2025-01-23,3198,2100.0,2125.0,2092.0,2093.0,0,0,31300.0,65929900.0,1.0,2100.0,2125.0,2092.0,2093.0,31300.0
2025-01-24,3198,2107.0,2111.0,2091.0,2091.0,0,0,28100.0,59072800.0,1.0,2107.0,2111.0,2091.0,2091.0,28100.0
2025-01-27,3198,2102.0,2133.0,2100.0,2108.0,0,0,42800.0,90671600.0,1.0,2102.0,2133.0,2100.0,2108.0,42800.0
2025-01-28,3198,2101.0,2138.0,2101.0,2130.0,0,0,42600.0,90554600.0,1.0,2101.0,2138.0,2101.0,2130.0,42600.0
2025-01-29,3198,2118.0,2145.0,2118.0,2145.0,0,0,30000.0,64098900.0,1.0,2118.0,2145.0,2118.0,2145.0,30000.0
2025-01-30,3198,2148.0,2195.0,2139.0,2191.0,0,0,66300.0,144040900.0,1.0,2148.0,2195.0,2139.0,2191.0,66300.0
2025-01-31,3198,2190.0,2190.0,2145.0,2155.0,0,0,37000.0,79948700.0,1.0,2190.0,2190.0,2145.0,2155.0,37000.0
2025-02-03,3198,2155.0,2157.0,2130.0,2140.0,0,0,45600.0,97848500.0,1.0,2155.0,2157.0,2130.0,2140.0,45600.0
2025-02-04,3198,2150.0,2160.0,2140.0,2141.0,0,0,23500.0,50444200.0,1.0,2150.0,2160.0,2140.0,2141.0,23500.0
2025-02-05,3198,2154.0,2167.0,2154.0,2162.0,0,0,20300.0,43856700.0,1.0,2154.0,2167.0,2154.0,2162.0,20300.0
2025-02-06,3198,2164.0,2174.0,2149.0,2170.0,0,0,23500.0,50797700.0,1.0,2164.0,2174.0,2149.0,2170.0,23500.0
2025-02-07,3198,2164.0,2190.0,2164.0,2167.0,0,0,33500.0,73060400.0,1.0,2164.0,2190.0,2164.0,2167.0,33500.0
2025-02-10,3198,2156.0,2191.0,2156.0,2175.0,0,0,49500.0,107597000.0,1.0,2156.0,2191.0,2156.0,2175.0,49500.0
2025-02-12,3198,2174.0,2191.0,2169.0,2184.0,0,0,39600.0,86349000.0,1.0,2174.0,2191.0,2169.0,2184.0,39600.0
2025-02-13,3198,2191.0,2211.0,2183.0,2183.0,0,0,55500.0,121825600.0,1.0,2191.0,2211.0,2183.0,2183.0,55500.0
2025-02-14,3198,2186.0,2200.0,2181.0,2196.0,0,0,32200.0,70577900.0,1.0,2186.0,2200.0,2181.0,2196.0,32200.0
2025-02-17,3198,2202.0,2203.0,2176.0,2176.0,0,0,71800.0,157381400.0,1.0,2202.0,2203.0,2176.0,2176.0,71800.0
2025-02-18,3198,2185.0,2185.0,2165.0,2169.0,0,0,34300.0,74577400.0,1.0,2185.0,2185.0,2165.0,2169.0,34300.0
2025-02-19,3198,2166.0,2185.0,2164.0,2179.0,0,0,34100.0,74166500.0,1.0,2166.0,2185.0,2164.0,2179.0,34100.0
2025-02-20,3198,2185.0,2185.0,2133.0,2146.0,0,0,47000.0,101121600.0,1.0,2185.0,2185.0,2133.0,2146.0,47000.0
2025-02-21,3198,2140.0,2140.0,2115.0,2115.0,0,0,66100.0,140558900.0,1.0,2140.0,2140.0,2115.0,2115.0,66100.0
2025-02-25,3198,2120.0,2156.0,2120.0,2152.0,0,0,58200.0,124361200.0,1.0,2120.0,2156.0,2120.0,2152.0,58200.0
2025-02-26,3198,2135.0,2175.0,2130.0,2151.0,0,0,124700.0,268220300.0,1.0,2135.0,2175.0,2130.0,2151.0,124700.0
2025-02-27,3198,2092.0,2093.0,2052.0,2055.0,0,0,176000.0,365773400.0,1.0,2092.0,2093.0,2052.0,2055.0,176000.0
2025-02-28,3198,2050.0,2051.0,2015.0,2032.0,0,0,45200.0,91927400.0,1.0,2050.0,2051.0,2015.0,2032.0,45200.0
2025-03-03,3198,2021.0,2040.0,2010.0,2040.0,0,0,59700.0,121070100.0,1.0,2021.0,2040.0,2010.0,2040.0,59700.0
2025-03-04,3198,2040.0,2049.0,2021.0,2049.0,0,0,37500.0,76370800.0,1.0,2040.0,2049.0,2021.0,2049.0,37500.0
2025-03-05,3198,2060.0,2083.0,2035.0,2051.0,0,0,46900.0,96248400.0,1.0,2060.0,2083.0,2035.0,2051.0,46900.0
2025-03-06,3198,2060.0,2081.0,2033.0,2081.0,0,0,47500.0,98021500.0,1.0,2060.0,2081.0,2033.0,2081.0,47500.0
2025-03-07,3198,2053.0,2070.0,2040.0,2045.0,0,0,31200.0,63923200.0,1.0,2053.0,2070.0,2040.0,2045.0,31200.0
2025-03-10,3198,2040.0,2058.0,2033.0,2033.0,0,0,15400.0,31415600.0,1.0,2040.0,2058.0,2033.0,2033.0,15400.0
2025-03-11,3198,2026.0,2043.0,2012.0,2022.0,0,0,35500.0,71827400.0,1.0,2026.0,2043.0,2012.0,2022.0,35500.0
2025-03-12,3198,2014.0,2046.0,2008.0,2031.0,0,0,33800.0,68471300.0,1.0,2014.0,2046.0,2008.0,2031.0,33800.0
2025-03-13,3198,2031.0,2040.0,2005.0,2020.0,0,0,25000.0,50473700.0,1.0,2031.0,2040.0,2005.0,2020.0,25000.0
2025-03-14,3198,2019.0,2048.0,2016.0,2030.0,0,0,27600.0,56078000.0,1.0,2019.0,2048.0,2016.0,2030.0,27600.0
2025-03-17,3198,2029.0,2058.0,2027.0,2055.0,0,0,22900.0,46798700.0,1.0,2029.0,2058.0,2027.0,2055.0,22900.0
2025-03-18,3198,2053.0,2072.0,2053.0,2059.0,0,0,26200.0,54062500.0,1.0,2053.0,2072.0,2053.0,2059.0,26200.0
2025-03-19,3198,2059.0,2081.0,2059.0,2075.0,0,0,18200.0,37755000.0,1.0,2059.0,2081.0,2059.0,2075.0,18200.0
2025-03-21,3198,2075.0,2104.0,2066.0,2098.0,0,0,30400.0,63499900.0,1.0,2075.0,2104.0,2066.0,2098.0,30400.0
2025-03-24,3198,2098.0,2100.0,2077.0,2092.0,0,0,19700.0,41180200.0,1.0,2098.0,2100.0,2077.0,2092.0,19700.0
2025-03-25,3198,2100.0,2131.0,2083.0,2130.0,0,0,39100.0,82670100.0,1.0,2100.0,2131.0,2083.0,2130.0,39100.0
2025-03-26,3198,2123.0,2126.0,2100.0,2106.0,0,0,29200.0,61652300.0,1.0,2123.0,2126.0,2100.0,2106.0,29200.0
2025-03-27,3198,2104.0,2126.0,2093.0,2111.0,0,0,46600.0,98202900.0,1.0,2104.0,2126.0,2093.0,2111.0,46600.0
2025-03-28,3198,2090.0,2118.0,2087.0,2092.0,0,0,23800.0,49891300.0,1.0,2090.0,2118.0,2087.0,2092.0,23800.0
2025-03-31,3198,2060.0,2086.0,2051.0,2056.0,0,0,32300.0,66598700.0,1.0,2060.0,2086.0,2051.0,2056.0,32300.0
2025-04-01,3198,2073.0,2082.0,2050.0,2052.0,0,0,16600.0,34195000.0,1.0,2073.0,2082.0,2050.0,2052.0,16600.0
2025-04-02,3198,2052.0,2079.0,2030.0,2033.0,0,0,16400.0,33477700.0,1.0,2052.0,2079.0,2030.0,2033.0,16400.0
2025-04-03,3198,2010.0,2027.0,2001.0,2014.0,0,0,27700.0,55750100.0,1.0,2010.0,2027.0,2001.0,2014.0,27700.0
2025-04-04,3198,2000.0,2005.0,1966.0,1985.0,0,0,45200.0,89853700.0,1.0,2000.0,2005.0,1966.0,1985.0,45200.0
2025-04-07,3198,1891.0,1929.0,1841.0,1890.0,0,0,81300.0,153982500.0,1.0,1891.0,1929.0,1841.0,1890.0,81300.0
2025-04-08,3198,1952.0,2014.0,1942.0,2014.0,0,0,38500.0,76438000.0,1.0,1952.0,2014.0,1942.0,2014.0,38500.0
2025-04-09,3198,2001.0,2012.0,1968.0,1992.0,0,0,27100.0,53956200.0,1.0,2001.0,2012.0,1968.0,1992.0,27100.0
2025-04-10,3198,2080.0,2088.0,2026.0,2046.0,0,0,26800.0,55001700.0,1.0,2080.0,2088.0,2026.0,2046.0,26800.0
2025-04-11,3198,2025.0,2078.0,2014.0,2077.0,0,0,22700.0,46559000.0,1.0,2025.0,2078.0,2014.0,2077.0,22700.0
2025-04-14,3198,2097.0,2097.0,2073.0,2088.0,0,0,17300.0,36067800.0,1.0,2097.0,2097.0,2073.0,2088.0,17300.0
2025-04-15,3198,2050.0,2163.0,2050.0,2155.0,0,0,86300.0,184516900.0,1.0,2050.0,2163.0,2050.0,2155.0,86300.0
2025-04-16,3198,2150.0,2198.0,2118.0,2198.0,0,0,55500.0,120654400.0,1.0,2150.0,2198.0,2118.0,2198.0,55500.0
2025-04-17,3198,2183.0,2244.0,2155.0,2200.0,0,0,63100.0,139074100.0,1.0,2183.0,2244.0,2155.0,2200.0,63100.0
2025-04-18,3198,2199.0,2276.0,2191.0,2276.0,0,0,63900.0,143107800.0,1.0,2199.0,2276.0,2191.0,2276.0,63900.0
2025-04-21,3198,2265.0,2293.0,2260.0,2283.0,0,0,36500.0,83114100.0,1.0,2265.0,2293.0,2260.0,2283.0,36500.0
2025-04-22,3198,2279.0,2299.0,2258.0,2266.0,0,0,29700.0,67645100.0,1.0,2279.0,2299.0,2258.0,2266.0,29700.0
2025-04-23,3198,2264.0,2280.0,2246.0,2268.0,0,0,33800.0,76499600.0,1.0,2264.0,2280.0,2246.0,2268.0,33800.0
2025-04-24,3198,2256.0,2263.0,2189.0,2190.0,0,0,25500.0,56455600.0,1.0,2256.0,2263.0,2189.0,2190.0,25500.0
2025-04-25,3198,2181.0,2190.0,2160.0,2166.0,0,0,17000.0,36957800.0,1.0,2181.0,2190.0,2160.0,2166.0,17000.0
2025-04-28,3198,2166.0,2205.0,2166.0,2178.0,0,0,26700.0,58252800.0,1.0,2166.0,2205.0,2166.0,2178.0,26700.0
2025-04-30,3198,2197.0,2197.0,2151.0,2152.0,0,0,18800.0,40775500.0,1.0,2197.0,2197.0,2151.0,2152.0,18800.0
2025-05-01,3198,2152.0,2161.0,2135.0,2144.0,0,0,20300.0,43576400.0,1.0,2152.0,2161.0,2135.0,2144.0,20300.0
2025-05-02,3198,2144.0,2154.0,2116.0,2129.0,0,0,25900.0,55163400.0,1.0,2144.0,2154.0,2116.0,2129.0,25900.0
2025-05-07,3198,2130.0,2168.0,2130.0,2140.0,0,0,24200.0,51948800.0,1.0,2130.0,2168.0,2130.0,2140.0,24200.0
2025-05-08,3198,2135.0,2145.0,2113.0,2145.0,0,0,20200.0,43011400.0,1.0,2135.0,2145.0,2113.0,2145.0,20200.0
2025-05-09,3198,2148.0,2155.0,2139.0,2153.0,0,0,20600.0,44274600.0,1.0,2148.0,2155.0,2139.0,2153.0,20600.0
2025-05-12,3198,2160.0,2180.0,2148.0,2169.0,0,0,25100.0,54271800.0,1.0,2160.0,2180.0,2148.0,2169.0,25100.0
2025-05-13,3198,2179.0,2179.0,2153.0,2159.0,0,0,16600.0,35944900.0,1.0,2179.0,2179.0,2153.0,2159.0,16600.0
2025-05-14,3198,2153.0,2173.0,2139.0,2172.0,0,0,24200.0,52157500.0,1.0,2153.0,2173.0,2139.0,2172.0,24200.0
2025-05-15,3198,2155.0,2184.0,2154.0,2163.0,0,0,23900.0,51703600.0,1.0,2155.0,2184.0,2154.0,2163.0,23900.0
2025-05-16,3198,2164.0,2174.0,2133.0,2161.0,0,0,31700.0,68355000.0,1.0,2164.0,2174.0,2133.0,2161.0,31700.0
2025-05-19,3198,2152.0,2176.0,2145.0,2159.0,0,0,36000.0,77569700.0,1.0,2152.0,2176.0,2145.0,2159.0,36000.0
2025-05-20,3198,2167.0,2167.0,2120.0,2121.0,0,0,32600.0,69556200.0,1.0,2167.0,2167.0,2120.0,2121.0,32600.0
2025-05-21,3198,2121.0,2133.0,2108.0,2133.0,0,0,24500.0,52027800.0,1.0,2121.0,2133.0,2108.0,2133.0,24500.0
2025-05-22,3198,2110.0,2124.0,2103.0,2109.0,0,0,16800.0,35501000.0,1.0,2110.0,2124.0,2103.0,2109.0,16800.0
2025-05-23,3198,2128.0,2129.0,2110.0,2111.0,0,0,30300.0,64206500.0,1.0,2128.0,2129.0,2110.0,2111.0,30300.0
2025-05-26,3198,2117.0,2136.0,2117.0,2124.0,0,0,18500.0,39280900.0,1.0,2117.0,2136.0,2117.0,2124.0,18500.0
2025-05-27,3198,2129.0,2160.0,2129.0,2133.0,0,0,28800.0,61646700.0,1.0,2129.0,2160.0,2129.0,2133.0,28800.0
2025-05-28,3198,2144.0,2150.0,2124.0,2131.0,0,0,25300.0,54063500.0,1.0,2144.0,2150.0,2124.0,2131.0,25300.0
2025-05-29,3198,2131.0,2139.0,2115.0,2134.0,0,0,39000.0,83092000.0,1.0,2131.0,2139.0,2115.0,2134.0,39000.0
2025-05-30,3198,2128.0,2138.0,2122.0,2136.0,0,0,18500.0,39428100.0,1.0,2128.0,2138.0,2122.0,2136.0,18500.0
2025-06-02,3198,2137.0,2137.0,2122.0,2128.0,0,0,33800.0,72091500.0,1.0,2137.0,2137.0,2122.0,2128.0,33800.0
2025-06-03,3198,2124.0,2125.0,2110.0,2121.0,0,0,36300.0,76934200.0,1.0,2124.0,2125.0,2110.0,2121.0,36300.0
2025-06-04,3198,2124.0,2138.0,2121.0,2138.0,0,0,23600.0,50272300.0,1.0,2124.0,2138.0,2121.0,2138.0,23600.0
2025-06-05,3198,2134.0,2142.0,2115.0,2125.0,0,0,37600.0,80014300.0,1.0,2134.0,2142.0,2115.0,2125.0,37600.0
2025-06-06,3198,2128.0,2173.0,2128.0,2173.0,0,0,44000.0,94762600.0,1.0,2128.0,2173.0,2128.0,2173.0,44000.0
2025-06-09,3198,2189.0,2201.0,2165.0,2176.0,0,0,42500.0,92825000.0,1.0,2189.0,2201.0,2165.0,2176.0,42500.0
2025-06-10,3198,2179.0,2180.0,2154.0,2154.0,0,0,40300.0,87385100.0,1.0,2179.0,2180.0,2154.0,2154.0,40300.0
2025-06-11,3198,2166.0,2172.0,2153.0,2154.0,0,0,27500.0,59411400.0,1.0,2166.0,2172.0,2153.0,2154.0,27500.0
2025-06-12,3198,2161.0,2182.0,2161.0,2169.0,0,0,54300.0,117720500.0,1.0,2161.0,2182.0,2161.0,2169.0,54300.0
2025-06-13,3198,2175.0,2191.0,2158.0,2185.0,0,0,106300.0,230830800.0,1.0,2175.0,2191.0,2158.0,2185.0,106300.0
2025-06-16,3198,2195.0,2223.0,2190.0,2213.0,0,0,72300.0,159232000.0,1.0,2195.0,2223.0,2190.0,2213.0,72300.0
2025-06-17,3198,2213.0,2223.0,2193.0,2221.0,0,0,31400.0,69376800.0,1.0,2213.0,2223.0,2193.0,2221.0,31400.0
2025-06-18,3198,2220.0,2232.0,2202.0,2206.0,0,0,22300.0,49467600.0,1.0,2220.0,2232.0,2202.0,2206.0,22300.0
2025-06-19,3198,2224.0,2242.0,2213.0,2239.0,0,0,23800.0,53194000.0,1.0,2224.0,2242.0,2213.0,2239.0,23800.0
2025-06-20,3198,2244.0,2245.0,2215.0,2225.0,0,0,29900.0,66626000.0,1.0,2244.0,2245.0,2215.0,2225.0,29900.0
2025-06-23,3198,2222.0,2260.0,2215.0,2235.0,0,0,29900.0,66967400.0,1.0,2222.0,2260.0,2215.0,2235.0,29900.0
2025-06-24,3198,2254.0,2254.0,2214.0,2228.0,0,0,19700.0,43985800.0,1.0,2254.0,2254.0,2214.0,2228.0,19700.0
2025-06-25,3198,2240.0,2240.0,2183.0,2197.0,0,0,37500.0,82634800.0,1.0,2240.0,2240.0,2183.0,2197.0,37500.0
2025-06-26,3198,2200.0,2229.0,2200.0,2228.0,0,0,34200.0,75805200.0,1.0,2200.0,2229.0,2200.0,2228.0,34200.0
2025-06-27,3198,2228.0,2243.0,2221.0,2243.0,0,0,37100.0,82899800.0,1.0,2228.0,2243.0,2221.0,2243.0,37100.0
2025-06-30,3198,2261.0,2264.0,2240.0,2245.0,0,0,24500.0,55108200.0,1.0,2261.0,2264.0,2240.0,2245.0,24500.0
2025-07-01,3198,2249.0,2255.0,2223.0,2226.0,0,0,20900.0,46723200.0,1.0,2249.0,2255.0,2223.0,2226.0,20900.0
2025-07-02,3198,2226.0,2255.0,2222.0,2248.0,0,0,20600.0,46217100.0,1.0,2226.0,2255.0,2222.0,2248.0,20600.0
2025-07-03,3198,2245.0,2249.0,2231.0,2245.0,0,0,13600.0,30477500.0,1.0,2245.0,2249.0,2231.0,2245.0,13600.0
2025-07-04,3198,2246.0,2269.0,2242.0,2250.0,0,0,27400.0,61795100.0,1.0,2246.0,2269.0,2242.0,2250.0,27400.0
2025-07-07,3198,2250.0,2267.0,2247.0,2248.0,0,0,19900.0,44833100.0,1.0,2250.0,2267.0,2247.0,2248.0,19900.0
2025-07-08,3198,2245.0,2249.0,2211.0,2221.0,0,0,33400.0,74292200.0,1.0,2245.0,2249.0,2211.0,2221.0,33400.0
2025-07-09,3198,2238.0,2238.0,2215.0,2216.0,0,0,16400.0,36437700.0,1.0,2238.0,2238.0,2215.0,2216.0,16400.0
2025-07-10,3198,2216.0,2217.0,2195.0,2196.0,0,0,35200.0,77494000.0,1.0,2216.0,2217.0,2195.0,2196.0,35200.0
2025-07-11,3198,2204.0,2232.0,2204.0,2217.0,0,0,23200.0,51498500.0,1.0,2204.0,2232.0,2204.0,2217.0,23200.0
2025-07-14,3198,2218.0,2238.0,2214.0,2230.0,0,0,30700.0,68334000.0,1.0,2218.0,2238.0,2214.0,2230.0,30700.0
2025-07-15,3198,2219.0,2264.0,2191.0,2208.0,0,0,81400.0,181021900.0,1.0,2219.0,2264.0,2191.0,2208.0,81400.0
2025-07-16,3198,2202.0,2246.0,2183.0,2211.0,0,0,59100.0,130918200.0,1.0,2202.0,2246.0,2183.0,2211.0,59100.0
2025-07-17,3198,2215.0,2235.0,2207.0,2216.0,0,0,28400.0,62989300.0,1.0,2215.0,2235.0,2207.0,2216.0,28400.0
2025-07-18,3198,2220.0,2220.0,2201.0,2202.0,0,0,20400.0,45042700.0,1.0,2220.0,2220.0,2201.0,2202.0,20400.0
2025-07-22,3198,2219.0,2233.0,2190.0,2191.0,0,0,41800.0,92213400.0,1.0,2219.0,2233.0,2190.0,2191.0,41800.0
2025-07-23,3198,2194.0,2233.0,2185.0,2225.0,0,0,43600.0,96510900.0,1.0,2194.0,2233.0,2185.0,2225.0,43600.0
2025-07-24,3198,2234.0,2253.0,2220.0,2251.0,0,0,23500.0,52707500.0,1.0,2234.0,2253.0,2220.0,2251.0,23500.0
2025-07-25,3198,2250.0,2265.0,2242.0,2247.0,0,0,22000.0,49533100.0,1.0,2250.0,2265.0,2242.0,2247.0,22000.0
2025-07-28,3198,2259.0,2270.0,2240.0,2250.0,0,0,19800.0,44622700.0,1.0,2259.0,2270.0,2240.0,2250.0,19800.0
2025-07-29,3198,2244.0,2244.0,2221.0,2233.0,0,0,25800.0,57596100.0,1.0,2244.0,2244.0,2221.0,2233.0,25800.0
2025-07-30,3198,2233.0,2240.0,2220.0,2220.0,0,0,29900.0,66563000.0,1.0,2233.0,2240.0,2220.0,2220.0,29900.0
2025-07-31,3198,2225.0,2226.0,2200.0,2216.0,0,0,49700.0,109864500.0,1.0,2225.0,2226.0,2200.0,2216.0,49700.0
2025-08-01,3198,2220.0,2233.0,2219.0,2233.0,0,0,29200.0,64998600.0,1.0,2220.0,2233.0,2219.0,2233.0,29200.0
2025-08-04,3198,2224.0,2236.0,2217.0,2223.0,0,0,33400.0,74258000.0,1.0,2224.0,2236.0,2217.0,2223.0,33400.0
2025-08-05,3198,2234.0,2255.0,2232.0,2239.0,0,0,35200.0,79036600.0,1.0,2234.0,2255.0,2232.0,2239.0,35200.0
2025-08-06,3198,2245.0,2275.0,2243.0,2274.0,0,0,31200.0,70602500.0,1.0,2245.0,2275.0,2243.0,2274.0,31200.0
2025-08-07,3198,2280.0,2286.0,2258.0,2266.0,0,0,29500.0,67007900.0,1.0,2280.0,2286.0,2258.0,2266.0,29500.0
2025-08-08,3198,2270.0,2280.0,2260.0,2274.0,0,0,25600.0,58123200.0,1.0,2270.0,2280.0,2260.0,2274.0,25600.0
2025-08-12,3198,2285.0,2288.0,2250.0,2272.0,0,0,50400.0,114288900.0,1.0,2285.0,2288.0,2250.0,2272.0,50400.0
2025-08-13,3198,2275.0,2277.0,2246.0,2252.0,0,0,70600.0,159452500.0,1.0,2275.0,2277.0,2246.0,2252.0,70600.0
2025-08-14,3198,2255.0,2255.0,2224.0,2224.0,0,0,63100.0,141193900.0,1.0,2255.0,2255.0,2224.0,2224.0,63100.0
2025-08-15,3198,2229.0,2238.0,2219.0,2236.0,0,0,59600.0,132782900.0,1.0,2229.0,2238.0,2219.0,2236.0,59600.0
2025-08-18,3198,2243.0,2249.0,2236.0,2244.0,0,0,54400.0,121976800.0,1.0,2243.0,2249.0,2236.0,2244.0,54400.0
2025-08-19,3198,2247.0,2273.0,2247.0,2273.0,0,0,48100.0,108797800.0,1.0,2247.0,2273.0,2247.0,2273.0,48100.0
2025-08-20,3198,2288.0,2304.0,2276.0,2287.0,0,0,53600.0,122807600.0,1.0,2288.0,2304.0,2276.0,2287.0,53600.0
2025-08-21,3198,2300.0,2303.0,2276.0,2286.0,0,0,34000.0,77900900.0,1.0,2300.0,2303.0,2276.0,2286.0,34000.0
2025-08-22,3198,2286.0,2304.0,2273.0,2283.0,0,0,48700.0,111325600.0,1.0,2286.0,2304.0,2273.0,2283.0,48700.0
2025-08-25,3198,2298.0,2300.0,2287.0,2296.0,0,0,43600.0,100041200.0,1.0,2298.0,2300.0,2287.0,2296.0,43600.0
2025-08-26,3198,2296.0,2314.0,2294.0,2308.0,0,0,50700.0,116790000.0,1.0,2296.0,2314.0,2294.0,2308.0,50700.0
2025-08-27,3198,2297.0,2330.0,2297.0,2313.0,0,0,145700.0,336986300.0,1.0,2297.0,2330.0,2297.0,2313.0,145700.0
2025-08-28,3198,2250.0,2250.0,2229.0,2241.0,0,0,186700.0,418950900.0,1.0,2250.0,2250.0,2229.0,2241.0,186700.0
2025-08-29,3198,2235.0,2240.0,2208.0,2208.0,0,0,39900.0,88511800.0,1.0,2235.0,2240.0,2208.0,2208.0,39900.0
2025-09-01,3198,2200.0,2200.0,2154.0,2155.0,0,0,78100.0,170012200.0,1.0,2200.0,2200.0,2154.0,2155.0,78100.0
2025-09-02,3198,2150.0,2163.0,2127.0,2128.0,0,0,71700.0,153524900.0,1.0,2150.0,2163.0,2127.0,2128.0,71700.0
2025-09-03,3198,2128.0,2150.0,2128.0,2139.0,0,0,48100.0,102964500.0,1.0,2128.0,2150.0,2128.0,2139.0,48100.0
2025-09-04,3198,2139.0,2155.0,2131.0,2147.0,0,0,34200.0,73325100.0,1.0,2139.0,2155.0,2131.0,2147.0,34200.0
2025-09-05,3198,2160.0,2166.0,2147.0,2164.0,0,0,33200.0,71681800.0,1.0,2160.0,2166.0,2147.0,2164.0,33200.0
