Date,Code,Open,High,Low,Close,UpperLimit,LowerLimit,Volume,TurnoverValue,AdjustmentFactor,AdjustmentOpen,AdjustmentHigh,AdjustmentLow,AdjustmentClose,AdjustmentVolume
2023-09-06,7325,741.0,754.0,740.0,748.0,0,0,3900.0,2922200.0,1.0,741.0,754.0,740.0,748.0,3900.0
2023-09-07,7325,748.0,750.0,744.0,750.0,0,0,2400.0,1792900.0,1.0,748.0,750.0,744.0,750.0,2400.0
2023-09-08,7325,745.0,747.0,738.0,738.0,0,0,5000.0,3717900.0,1.0,745.0,747.0,738.0,738.0,5000.0
2023-09-11,7325,746.0,747.0,736.0,736.0,0,0,3700.0,2754600.0,1.0,746.0,747.0,736.0,736.0,3700.0
2023-09-12,7325,736.0,744.0,705.0,733.0,0,0,6100.0,4416500.0,1.0,736.0,744.0,705.0,733.0,6100.0
2023-09-13,7325,735.0,739.0,733.0,733.0,0,0,3000.0,2210500.0,1.0,735.0,739.0,733.0,733.0,3000.0
2023-09-14,7325,733.0,739.0,724.0,724.0,0,0,1300.0,948200.0,1.0,733.0,739.0,724.0,724.0,1300.0
2023-09-15,7325,726.0,729.0,717.0,726.0,0,0,5000.0,3615500.0,1.0,726.0,729.0,717.0,726.0,5000.0
2023-09-19,7325,721.0,721.0,710.0,714.0,0,0,10000.0,7149200.0,1.0,721.0,721.0,710.0,714.0,10000.0
2023-09-20,7325,712.0,718.0,708.0,718.0,0,0,5000.0,3557100.0,1.0,712.0,718.0,708.0,718.0,5000.0
2023-09-21,7325,718.0,718.0,709.0,713.0,0,0,4100.0,2919300.0,1.0,718.0,718.0,709.0,713.0,4100.0
2023-09-22,7325,707.0,715.0,705.0,715.0,0,0,9500.0,6719000.0,1.0,707.0,715.0,705.0,715.0,9500.0
2023-09-25,7325,716.0,716.0,707.0,714.0,0,0,3300.0,2353200.0,1.0,716.0,716.0,707.0,714.0,3300.0
2023-09-26,7325,708.0,710.0,705.0,706.0,0,0,3800.0,2685900.0,1.0,708.0,710.0,705.0,706.0,3800.0
2023-09-27,7325,706.0,712.0,704.0,705.0,0,0,1400.0,990000.0,1.0,706.0,712.0,704.0,705.0,1400.0
2023-09-28,7325,712.0,713.0,705.0,706.0,0,0,2400.0,1696900.0,1.0,712.0,713.0,705.0,706.0,2400.0
2023-09-29,7325,713.0,714.0,706.0,712.0,0,0,2000.0,1422000.0,1.0,713.0,714.0,706.0,712.0,2000.0
2023-10-02,7325,714.0,716.0,711.0,714.0,0,0,4800.0,3423200.0,1.0,714.0,716.0,711.0,714.0,4800.0
2023-10-03,7325,719.0,735.0,716.0,716.0,0,0,10600.0,7649600.0,1.0,719.0,735.0,716.0,716.0,10600.0
2023-10-04,7325,713.0,713.0,701.0,701.0,0,0,9800.0,6908700.0,1.0,713.0,713.0,701.0,701.0,9800.0
2023-10-05,7325,701.0,706.0,701.0,701.0,0,0,2600.0,1826600.0,1.0,701.0,706.0,701.0,701.0,2600.0
2023-10-06,7325,701.0,703.0,701.0,701.0,0,0,4800.0,3368600.0,1.0,701.0,703.0,701.0,701.0,4800.0
2023-10-10,7325,701.0,712.0,701.0,709.0,0,0,7600.0,5378900.0,1.0,701.0,712.0,701.0,709.0,7600.0
2023-10-11,7325,709.0,710.0,703.0,707.0,0,0,3600.0,2546900.0,1.0,709.0,710.0,703.0,707.0,3600.0
2023-10-12,7325,707.0,711.0,706.0,711.0,0,0,2300.0,1629300.0,1.0,707.0,711.0,706.0,711.0,2300.0
2023-10-13,7325,711.0,711.0,704.0,704.0,0,0,1200.0,847300.0,1.0,711.0,711.0,704.0,704.0,1200.0
2023-10-16,7325,704.0,711.0,702.0,703.0,0,0,3500.0,2468600.0,1.0,704.0,711.0,702.0,703.0,3500.0
2023-10-17,7325,703.0,712.0,703.0,707.0,0,0,11900.0,8386500.0,1.0,703.0,712.0,703.0,707.0,11900.0
2023-10-18,7325,712.0,716.0,711.0,715.0,0,0,2700.0,1927300.0,1.0,712.0,716.0,711.0,715.0,2700.0
2023-10-19,7325,704.0,714.0,704.0,707.0,0,0,1200.0,850500.0,1.0,704.0,714.0,704.0,707.0,1200.0
2023-10-20,7325,700.0,708.0,700.0,700.0,0,0,6900.0,4836500.0,1.0,700.0,708.0,700.0,700.0,6900.0
2023-10-23,7325,701.0,705.0,700.0,703.0,0,0,3900.0,2743800.0,1.0,701.0,705.0,700.0,703.0,3900.0
2023-10-24,7325,707.0,708.0,703.0,707.0,0,0,3100.0,2188600.0,1.0,707.0,708.0,703.0,707.0,3100.0
2023-10-25,7325,714.0,718.0,713.0,718.0,0,0,6700.0,4793700.0,1.0,714.0,718.0,713.0,718.0,6700.0
2023-10-26,7325,709.0,714.0,702.0,707.0,0,0,4700.0,3336900.0,1.0,709.0,714.0,702.0,707.0,4700.0
2023-10-27,7325,707.0,713.0,702.0,702.0,0,0,2100.0,1484900.0,1.0,707.0,713.0,702.0,702.0,2100.0
2023-10-30,7325,702.0,711.0,697.0,701.0,0,0,7200.0,5043600.0,1.0,702.0,711.0,697.0,701.0,7200.0
2023-10-31,7325,702.0,705.0,699.0,701.0,0,0,3500.0,2456400.0,1.0,702.0,705.0,699.0,701.0,3500.0
2023-11-01,7325,701.0,708.0,701.0,708.0,0,0,1500.0,1054400.0,1.0,701.0,708.0,701.0,708.0,1500.0
2023-11-02,7325,717.0,717.0,713.0,715.0,0,0,5300.0,3795500.0,1.0,717.0,717.0,713.0,715.0,5300.0
2023-11-06,7325,711.0,716.0,711.0,713.0,0,0,2500.0,1783100.0,1.0,711.0,716.0,711.0,713.0,2500.0
2023-11-07,7325,713.0,714.0,712.0,712.0,0,0,1300.0,927700.0,1.0,713.0,714.0,712.0,712.0,1300.0
2023-11-08,7325,711.0,712.0,711.0,711.0,0,0,600.0,426900.0,1.0,711.0,712.0,711.0,711.0,600.0
2023-11-09,7325,711.0,711.0,707.0,709.0,0,0,2000.0,1416500.0,1.0,711.0,711.0,707.0,709.0,2000.0
2023-11-10,7325,709.0,709.0,707.0,709.0,0,0,1400.0,990300.0,1.0,709.0,709.0,707.0,709.0,1400.0
2023-11-13,7325,709.0,709.0,706.0,709.0,0,0,4400.0,3114300.0,1.0,709.0,709.0,706.0,709.0,4400.0
2023-11-14,7325,709.0,709.0,705.0,706.0,0,0,500.0,353100.0,1.0,709.0,709.0,705.0,706.0,500.0
2023-11-15,7325,698.0,703.0,698.0,703.0,0,0,5700.0,3986200.0,1.0,698.0,703.0,698.0,703.0,5700.0
2023-11-16,7325,703.0,704.0,701.0,704.0,0,0,1400.0,983700.0,1.0,703.0,704.0,701.0,704.0,1400.0
2023-11-17,7325,704.0,704.0,700.0,700.0,0,0,1300.0,912000.0,1.0,704.0,704.0,700.0,700.0,1300.0
2023-11-20,7325,700.0,702.0,698.0,701.0,0,0,7800.0,5458700.0,1.0,700.0,702.0,698.0,701.0,7800.0
2023-11-21,7325,703.0,703.0,701.0,703.0,0,0,2500.0,1757100.0,1.0,703.0,703.0,701.0,703.0,2500.0
2023-11-22,7325,703.0,704.0,698.0,698.0,0,0,5400.0,3792300.0,1.0,703.0,704.0,698.0,698.0,5400.0
2023-11-24,7325,701.0,701.0,697.0,697.0,0,0,6300.0,4406100.0,1.0,701.0,701.0,697.0,697.0,6300.0
2023-11-27,7325,695.0,698.0,694.0,695.0,0,0,4600.0,3199600.0,1.0,695.0,698.0,694.0,695.0,4600.0
2023-11-28,7325,695.0,696.0,694.0,694.0,0,0,2700.0,1877700.0,1.0,695.0,696.0,694.0,694.0,2700.0
2023-11-29,7325,694.0,695.0,694.0,694.0,0,0,2800.0,1943800.0,1.0,694.0,695.0,694.0,694.0,2800.0
2023-11-30,7325,694.0,698.0,694.0,695.0,0,0,2500.0,1738900.0,1.0,694.0,698.0,694.0,695.0,2500.0
2023-12-01,7325,695.0,702.0,695.0,702.0,0,0,5500.0,3850800.0,1.0,695.0,702.0,695.0,702.0,5500.0
2023-12-04,7325,702.0,704.0,696.0,696.0,0,0,3600.0,2527600.0,1.0,702.0,704.0,696.0,696.0,3600.0
2023-12-05,7325,696.0,696.0,692.0,695.0,0,0,7300.0,5064700.0,1.0,696.0,696.0,692.0,695.0,7300.0
2023-12-06,7325,695.0,695.0,693.0,695.0,0,0,2900.0,2014500.0,1.0,695.0,695.0,693.0,695.0,2900.0
2023-12-07,7325,695.0,696.0,694.0,696.0,0,0,2000.0,1390300.0,1.0,695.0,696.0,694.0,696.0,2000.0
2023-12-08,7325,694.0,697.0,694.0,695.0,0,0,5100.0,3542200.0,1.0,694.0,697.0,694.0,695.0,5100.0
2023-12-11,7325,692.0,697.0,692.0,694.0,0,0,4000.0,2778800.0,1.0,692.0,697.0,692.0,694.0,4000.0
2023-12-12,7325,696.0,696.0,691.0,691.0,0,0,3400.0,2358700.0,1.0,696.0,696.0,691.0,691.0,3400.0
2023-12-13,7325,691.0,691.0,689.0,689.0,0,0,4700.0,3244000.0,1.0,691.0,691.0,689.0,689.0,4700.0
2023-12-14,7325,689.0,692.0,686.0,686.0,0,0,5300.0,3652600.0,1.0,689.0,692.0,686.0,686.0,5300.0
2023-12-15,7325,686.0,687.0,685.0,685.0,0,0,6100.0,4183300.0,1.0,686.0,687.0,685.0,685.0,6100.0
2023-12-18,7325,685.0,689.0,681.0,681.0,0,0,5200.0,3557400.0,1.0,685.0,689.0,681.0,681.0,5200.0
2023-12-19,7325,680.0,681.0,679.0,681.0,0,0,6900.0,4690600.0,1.0,680.0,681.0,679.0,681.0,6900.0
2023-12-20,7325,679.0,684.0,677.0,681.0,0,0,5600.0,3814700.0,1.0,679.0,684.0,677.0,681.0,5600.0
2023-12-21,7325,679.0,693.0,678.0,682.0,0,0,17900.0,12258700.0,1.0,679.0,693.0,678.0,682.0,17900.0
2023-12-22,7325,679.0,679.0,654.0,662.0,0,0,20800.0,13835000.0,1.0,679.0,679.0,654.0,662.0,20800.0
2023-12-25,7325,658.0,658.0,628.0,637.0,0,0,20900.0,13470400.0,1.0,658.0,658.0,628.0,637.0,20900.0
2023-12-26,7325,632.0,642.0,628.0,631.0,0,0,16400.0,10394600.0,1.0,632.0,642.0,628.0,631.0,16400.0
2023-12-27,7325,626.0,630.0,622.0,622.0,0,0,17500.0,10926400.0,1.0,626.0,630.0,622.0,622.0,17500.0
2023-12-28,7325,628.0,639.0,624.0,638.0,0,0,10700.0,6805000.0,1.0,628.0,639.0,624.0,638.0,10700.0
2023-12-29,7325,638.0,648.0,624.0,646.0,0,0,8700.0,5544500.0,1.0,638.0,648.0,624.0,646.0,8700.0
2024-01-04,7325,646.0,659.0,641.0,659.0,0,0,4000.0,2594200.0,1.0,646.0,659.0,641.0,659.0,4000.0
2024-01-05,7325,665.0,665.0,660.0,660.0,0,0,5000.0,3321700.0,1.0,665.0,665.0,660.0,660.0,5000.0
2024-01-09,7325,656.0,669.0,656.0,669.0,0,0,3500.0,2323400.0,1.0,656.0,669.0,656.0,669.0,3500.0
2024-01-10,7325,669.0,670.0,662.0,664.0,0,0,7500.0,5011200.0,1.0,669.0,670.0,662.0,664.0,7500.0
2024-01-11,7325,671.0,689.0,671.0,680.0,0,0,15400.0,10484800.0,1.0,671.0,689.0,671.0,680.0,15400.0
2024-01-12,7325,680.0,680.0,670.0,675.0,0,0,6800.0,4590000.0,1.0,680.0,680.0,670.0,675.0,6800.0
2024-01-15,7325,671.0,675.0,670.0,670.0,0,0,3800.0,2555100.0,1.0,671.0,675.0,670.0,670.0,3800.0
2024-01-16,7325,670.0,671.0,668.0,668.0,0,0,2000.0,1339500.0,1.0,670.0,671.0,668.0,668.0,2000.0
2024-01-17,7325,668.0,671.0,667.0,669.0,0,0,2600.0,1739200.0,1.0,668.0,671.0,667.0,669.0,2600.0
2024-01-18,7325,667.0,667.0,661.0,664.0,0,0,6000.0,3987700.0,1.0,667.0,667.0,661.0,664.0,6000.0
2024-01-19,7325,669.0,670.0,667.0,667.0,0,0,2300.0,1539000.0,1.0,669.0,670.0,667.0,667.0,2300.0
2024-01-22,7325,667.0,671.0,667.0,671.0,0,0,2900.0,1944000.0,1.0,667.0,671.0,667.0,671.0,2900.0
2024-01-23,7325,671.0,674.0,670.0,670.0,0,0,3100.0,2083800.0,1.0,671.0,674.0,670.0,670.0,3100.0
2024-01-24,7325,670.0,674.0,670.0,672.0,0,0,900.0,604900.0,1.0,670.0,674.0,670.0,672.0,900.0
2024-01-25,7325,679.0,683.0,678.0,683.0,0,0,4200.0,2854500.0,1.0,679.0,683.0,678.0,683.0,4200.0
2024-01-26,7325,686.0,687.0,685.0,687.0,0,0,700.0,480600.0,1.0,686.0,687.0,685.0,687.0,700.0
2024-01-29,7325,687.0,689.0,685.0,685.0,0,0,4000.0,2748200.0,1.0,687.0,689.0,685.0,685.0,4000.0
2024-01-30,7325,685.0,688.0,685.0,688.0,0,0,600.0,412200.0,1.0,685.0,688.0,685.0,688.0,600.0
2024-01-31,7325,688.0,690.0,688.0,690.0,0,0,1400.0,964900.0,1.0,688.0,690.0,688.0,690.0,1400.0
2024-02-01,7325,690.0,698.0,690.0,698.0,0,0,7400.0,5123000.0,1.0,690.0,698.0,690.0,698.0,7400.0
2024-02-02,7325,699.0,703.0,696.0,701.0,0,0,10400.0,7284700.0,1.0,699.0,703.0,696.0,701.0,10400.0
2024-02-05,7325,697.0,699.0,687.0,690.0,0,0,8000.0,5558200.0,1.0,697.0,699.0,687.0,690.0,8000.0
2024-02-06,7325,690.0,696.0,684.0,696.0,0,0,3300.0,2277200.0,1.0,690.0,696.0,684.0,696.0,3300.0
2024-02-07,7325,693.0,698.0,688.0,695.0,0,0,4000.0,2766300.0,1.0,693.0,698.0,688.0,695.0,4000.0
2024-02-08,7325,695.0,695.0,689.0,694.0,0,0,2000.0,1384400.0,1.0,695.0,695.0,689.0,694.0,2000.0
2024-02-09,7325,694.0,694.0,691.0,694.0,0,0,1200.0,832400.0,1.0,694.0,694.0,691.0,694.0,1200.0
2024-02-13,7325,697.0,700.0,691.0,700.0,0,0,4700.0,3280000.0,1.0,697.0,700.0,691.0,700.0,4700.0
2024-02-14,7325,700.0,700.0,692.0,694.0,0,0,1000.0,694800.0,1.0,700.0,700.0,692.0,694.0,1000.0
2024-02-15,7325,742.0,789.0,714.0,749.0,0,0,50400.0,37742900.0,1.0,742.0,789.0,714.0,749.0,50400.0
2024-02-16,7325,762.0,763.0,720.0,735.0,0,0,14600.0,10929300.0,1.0,762.0,763.0,720.0,735.0,14600.0
2024-02-19,7325,735.0,735.0,712.0,732.0,0,0,9900.0,7192500.0,1.0,735.0,735.0,712.0,732.0,9900.0
2024-02-20,7325,730.0,733.0,721.0,728.0,0,0,2500.0,1820100.0,1.0,730.0,733.0,721.0,728.0,2500.0
2024-02-21,7325,722.0,723.0,715.0,723.0,0,0,4100.0,2949400.0,1.0,722.0,723.0,715.0,723.0,4100.0
2024-02-22,7325,735.0,735.0,712.0,719.0,0,0,8700.0,6314300.0,1.0,735.0,735.0,712.0,719.0,8700.0
2024-02-26,7325,719.0,731.0,719.0,729.0,0,0,12100.0,8793100.0,1.0,719.0,731.0,719.0,729.0,12100.0
2024-02-27,7325,729.0,734.0,725.0,734.0,0,0,3100.0,2254400.0,1.0,729.0,734.0,725.0,734.0,3100.0
2024-02-28,7325,738.0,740.0,735.0,736.0,0,0,3400.0,2511400.0,1.0,738.0,740.0,735.0,736.0,3400.0
2024-02-29,7325,727.0,741.0,727.0,739.0,0,0,4300.0,3162000.0,1.0,727.0,741.0,727.0,739.0,4300.0
2024-03-01,7325,742.0,745.0,727.0,744.0,0,0,4500.0,3318300.0,1.0,742.0,745.0,727.0,744.0,4500.0
2024-03-04,7325,749.0,749.0,729.0,739.0,0,0,3400.0,2528400.0,1.0,749.0,749.0,729.0,739.0,3400.0
2024-03-05,7325,731.0,768.0,731.0,768.0,0,0,17300.0,13016100.0,1.0,731.0,768.0,731.0,768.0,17300.0
2024-03-06,7325,768.0,800.0,756.0,773.0,0,0,20300.0,15881600.0,1.0,768.0,800.0,756.0,773.0,20300.0
2024-03-07,7325,792.0,938.0,791.0,938.0,1,0,542700.0,494834500.0,1.0,792.0,938.0,791.0,938.0,542700.0
2024-03-08,7325,1043.0,1060.0,841.0,997.0,0,0,821700.0,801374400.0,1.0,1043.0,1060.0,841.0,997.0,821700.0
2024-03-11,7325,934.0,934.0,847.0,901.0,0,1,212200.0,188347900.0,1.0,934.0,934.0,847.0,901.0,212200.0
2024-03-12,7325,886.0,946.0,822.0,912.0,0,0,266000.0,236529900.0,1.0,886.0,946.0,822.0,912.0,266000.0
2024-03-13,7325,919.0,927.0,849.0,865.0,0,0,160600.0,141850500.0,1.0,919.0,927.0,849.0,865.0,160600.0
2024-03-14,7325,860.0,877.0,790.0,829.0,0,0,162700.0,134901700.0,1.0,860.0,877.0,790.0,829.0,162700.0
2024-03-15,7325,827.0,840.0,783.0,812.0,0,0,61600.0,50209900.0,1.0,827.0,840.0,783.0,812.0,61600.0
2024-03-18,7325,804.0,820.0,793.0,813.0,0,0,22000.0,17744600.0,1.0,804.0,820.0,793.0,813.0,22000.0
2024-03-19,7325,814.0,828.0,794.0,804.0,0,0,30000.0,24285200.0,1.0,814.0,828.0,794.0,804.0,30000.0
2024-03-21,7325,804.0,844.0,795.0,798.0,0,0,48400.0,39570700.0,1.0,804.0,844.0,795.0,798.0,48400.0
2024-03-22,7325,798.0,813.0,798.0,800.0,0,0,20400.0,16367300.0,1.0,798.0,813.0,798.0,800.0,20400.0
2024-03-25,7325,801.0,801.0,753.0,780.0,0,0,47600.0,36968700.0,1.0,801.0,801.0,753.0,780.0,47600.0
2024-03-26,7325,766.0,788.0,756.0,769.0,0,0,35200.0,27243900.0,1.0,766.0,788.0,756.0,769.0,35200.0
2024-03-27,7325,767.0,770.0,743.0,765.0,0,0,47300.0,35722400.0,1.0,767.0,770.0,743.0,765.0,47300.0
2024-03-28,7325,764.0,775.0,746.0,748.0,0,0,18300.0,13945300.0,1.0,764.0,775.0,746.0,748.0,18300.0
2024-03-29,7325,751.0,765.0,745.0,746.0,0,0,21000.0,15803100.0,1.0,751.0,765.0,745.0,746.0,21000.0
2024-04-01,7325,735.0,754.0,735.0,754.0,0,0,16300.0,12136400.0,1.0,735.0,754.0,735.0,754.0,16300.0
2024-04-02,7325,765.0,765.0,734.0,745.0,0,0,12100.0,9043100.0,1.0,765.0,765.0,734.0,745.0,12100.0
2024-04-03,7325,734.0,760.0,729.0,740.0,0,0,15100.0,11257900.0,1.0,734.0,760.0,729.0,740.0,15100.0
2024-04-04,7325,755.0,760.0,736.0,739.0,0,0,16100.0,12019800.0,1.0,755.0,760.0,736.0,739.0,16100.0
2024-04-05,7325,724.0,747.0,684.0,747.0,0,0,63100.0,44955000.0,1.0,724.0,747.0,684.0,747.0,63100.0
2024-04-08,7325,743.0,761.0,739.0,751.0,0,0,11000.0,8250400.0,1.0,743.0,761.0,739.0,751.0,11000.0
2024-04-09,7325,736.0,769.0,732.0,767.0,0,0,12900.0,9760700.0,1.0,736.0,769.0,732.0,767.0,12900.0
2024-04-10,7325,767.0,776.0,752.0,770.0,0,0,14400.0,11103600.0,1.0,767.0,776.0,752.0,770.0,14400.0
2024-04-11,7325,769.0,770.0,756.0,768.0,0,0,5300.0,4043800.0,1.0,769.0,770.0,756.0,768.0,5300.0
2024-04-12,7325,768.0,772.0,746.0,759.0,0,0,8900.0,6770200.0,1.0,768.0,772.0,746.0,759.0,8900.0
2024-04-15,7325,757.0,758.0,733.0,748.0,0,0,6100.0,4548600.0,1.0,757.0,758.0,733.0,748.0,6100.0
2024-04-16,7325,734.0,738.0,720.0,728.0,0,0,7700.0,5604700.0,1.0,734.0,738.0,720.0,728.0,7700.0
2024-04-17,7325,719.0,720.0,710.0,714.0,0,0,10000.0,7138400.0,1.0,719.0,720.0,710.0,714.0,10000.0
2024-04-18,7325,710.0,728.0,701.0,728.0,0,0,11800.0,8397900.0,1.0,710.0,728.0,701.0,728.0,11800.0
2024-04-19,7325,713.0,724.0,701.0,722.0,0,0,7100.0,5027400.0,1.0,713.0,724.0,701.0,722.0,7100.0
2024-04-22,7325,714.0,727.0,700.0,720.0,0,0,10300.0,7354800.0,1.0,714.0,727.0,700.0,720.0,10300.0
2024-04-23,7325,727.0,731.0,717.0,731.0,0,0,6700.0,4841000.0,1.0,727.0,731.0,717.0,731.0,6700.0
2024-04-24,7325,731.0,735.0,716.0,733.0,0,0,4400.0,3218400.0,1.0,731.0,735.0,716.0,733.0,4400.0
2024-04-25,7325,733.0,735.0,723.0,733.0,0,0,2500.0,1828100.0,1.0,733.0,735.0,723.0,733.0,2500.0
2024-04-26,7325,723.0,734.0,722.0,730.0,0,0,1400.0,1019900.0,1.0,723.0,734.0,722.0,730.0,1400.0
2024-04-30,7325,727.0,735.0,720.0,726.0,0,0,2900.0,2099800.0,1.0,727.0,735.0,720.0,726.0,2900.0
2024-05-01,7325,726.0,726.0,715.0,724.0,0,0,2000.0,1441800.0,1.0,726.0,726.0,715.0,724.0,2000.0
2024-05-02,7325,728.0,728.0,712.0,717.0,0,0,4600.0,3316100.0,1.0,728.0,728.0,712.0,717.0,4600.0
2024-05-07,7325,713.0,720.0,712.0,718.0,0,0,3300.0,2362900.0,1.0,713.0,720.0,712.0,718.0,3300.0
2024-05-08,7325,727.0,727.0,712.0,716.0,0,0,5700.0,4097600.0,1.0,727.0,727.0,712.0,716.0,5700.0
2024-05-09,7325,715.0,719.0,713.0,713.0,0,0,800.0,571200.0,1.0,715.0,719.0,713.0,713.0,800.0
2024-05-10,7325,712.0,725.0,712.0,725.0,0,0,4100.0,2949700.0,1.0,712.0,725.0,712.0,725.0,4100.0
2024-05-13,7325,737.0,750.0,728.0,735.0,0,0,7400.0,5456500.0,1.0,737.0,750.0,728.0,735.0,7400.0
2024-05-14,7325,762.0,764.0,742.0,755.0,0,0,9500.0,7175500.0,1.0,762.0,764.0,742.0,755.0,9500.0
2024-05-15,7325,755.0,768.0,747.0,750.0,0,0,8400.0,6371600.0,1.0,755.0,768.0,747.0,750.0,8400.0
2024-05-16,7325,722.0,746.0,722.0,746.0,0,0,12800.0,9318300.0,1.0,722.0,746.0,722.0,746.0,12800.0
2024-05-17,7325,735.0,748.0,735.0,740.0,0,0,1900.0,1402500.0,1.0,735.0,748.0,735.0,740.0,1900.0
2024-05-20,7325,741.0,745.0,733.0,745.0,0,0,4000.0,2955900.0,1.0,741.0,745.0,733.0,745.0,4000.0
2024-05-21,7325,740.0,745.0,737.0,745.0,0,0,3100.0,2297400.0,1.0,740.0,745.0,737.0,745.0,3100.0
2024-05-22,7325,749.0,750.0,741.0,741.0,0,0,5200.0,3875900.0,1.0,749.0,750.0,741.0,741.0,5200.0
2024-05-23,7325,743.0,750.0,731.0,740.0,0,0,4400.0,3250200.0,1.0,743.0,750.0,731.0,740.0,4400.0
2024-05-24,7325,750.0,750.0,735.0,736.0,0,0,4300.0,3204500.0,1.0,750.0,750.0,735.0,736.0,4300.0
2024-05-27,7325,734.0,757.0,734.0,753.0,0,0,7500.0,5575300.0,1.0,734.0,757.0,734.0,753.0,7500.0
2024-05-28,7325,760.0,764.0,750.0,751.0,0,0,5100.0,3862400.0,1.0,760.0,764.0,750.0,751.0,5100.0
2024-05-29,7325,750.0,754.0,730.0,741.0,0,0,7200.0,5381500.0,1.0,750.0,754.0,730.0,741.0,7200.0
2024-05-30,7325,740.0,744.0,732.0,743.0,0,0,3600.0,2664300.0,1.0,740.0,744.0,732.0,743.0,3600.0
2024-05-31,7325,744.0,760.0,740.0,750.0,0,0,2700.0,2018500.0,1.0,744.0,760.0,740.0,750.0,2700.0
2024-06-03,7325,748.0,755.0,740.0,748.0,0,0,5700.0,4259200.0,1.0,748.0,755.0,740.0,748.0,5700.0
2024-06-04,7325,754.0,754.0,750.0,753.0,0,0,3800.0,2859400.0,1.0,754.0,754.0,750.0,753.0,3800.0
2024-06-05,7325,748.0,770.0,748.0,765.0,0,0,6200.0,4713600.0,1.0,748.0,770.0,748.0,765.0,6200.0
2024-06-06,7325,765.0,792.0,755.0,783.0,0,0,12500.0,9699700.0,1.0,765.0,792.0,755.0,783.0,12500.0
2024-06-07,7325,787.0,795.0,771.0,783.0,0,0,12700.0,9933500.0,1.0,787.0,795.0,771.0,783.0,12700.0
2024-06-10,7325,786.0,789.0,763.0,767.0,0,0,4700.0,3656200.0,1.0,786.0,789.0,763.0,767.0,4700.0
2024-06-11,7325,767.0,779.0,750.0,768.0,0,0,3300.0,2512900.0,1.0,767.0,779.0,750.0,768.0,3300.0
2024-06-12,7325,768.0,787.0,768.0,768.0,0,0,5300.0,4110600.0,1.0,768.0,787.0,768.0,768.0,5300.0
2024-06-13,7325,778.0,778.0,731.0,751.0,0,0,7200.0,5426700.0,1.0,778.0,778.0,731.0,751.0,7200.0
2024-06-14,7325,741.0,754.0,734.0,749.0,0,0,5700.0,4215300.0,1.0,741.0,754.0,734.0,749.0,5700.0
2024-06-17,7325,747.0,753.0,732.0,748.0,0,0,6400.0,4754400.0,1.0,747.0,753.0,732.0,748.0,6400.0
2024-06-18,7325,733.0,751.0,732.0,747.0,0,0,3200.0,2373400.0,1.0,733.0,751.0,732.0,747.0,3200.0
2024-06-19,7325,748.0,748.0,738.0,738.0,0,0,900.0,667100.0,1.0,748.0,748.0,738.0,738.0,900.0
2024-06-20,7325,740.0,740.0,720.0,720.0,0,0,3600.0,2623600.0,1.0,740.0,740.0,720.0,720.0,3600.0
2024-06-21,7325,720.0,729.0,720.0,729.0,0,0,2900.0,2094900.0,1.0,720.0,729.0,720.0,729.0,2900.0
2024-06-24,7325,729.0,736.0,729.0,736.0,0,0,1400.0,1025300.0,1.0,729.0,736.0,729.0,736.0,1400.0
2024-06-25,7325,740.0,748.0,736.0,736.0,0,0,3600.0,2667200.0,1.0,740.0,748.0,736.0,736.0,3600.0
2024-06-26,7325,737.0,747.0,726.0,743.0,0,0,2900.0,2131700.0,1.0,737.0,747.0,726.0,743.0,2900.0
2024-06-27,7325,741.0,741.0,730.0,734.0,0,0,4000.0,2934700.0,1.0,741.0,741.0,730.0,734.0,4000.0
2024-06-28,7325,734.0,734.0,726.0,732.0,0,0,2200.0,1607300.0,1.0,734.0,734.0,726.0,732.0,2200.0
2024-07-01,7325,734.0,734.0,722.0,732.0,0,0,2000.0,1456000.0,1.0,734.0,734.0,722.0,732.0,2000.0
2024-07-02,7325,738.0,738.0,716.0,724.0,0,0,5200.0,3793500.0,1.0,738.0,738.0,716.0,724.0,5200.0
2024-07-03,7325,721.0,721.0,705.0,721.0,0,0,3300.0,2362700.0,1.0,721.0,721.0,705.0,721.0,3300.0
2024-07-04,7325,721.0,729.0,721.0,725.0,0,0,1400.0,1014800.0,1.0,721.0,729.0,721.0,725.0,1400.0
2024-07-05,7325,724.0,724.0,706.0,710.0,0,0,3800.0,2706600.0,1.0,724.0,724.0,706.0,710.0,3800.0
2024-07-08,7325,711.0,722.0,711.0,722.0,0,0,2200.0,1580700.0,1.0,711.0,722.0,711.0,722.0,2200.0
2024-07-09,7325,720.0,728.0,719.0,720.0,0,0,3300.0,2380200.0,1.0,720.0,728.0,719.0,720.0,3300.0
2024-07-10,7325,719.0,729.0,719.0,720.0,0,0,1300.0,939000.0,1.0,719.0,729.0,719.0,720.0,1300.0
2024-07-11,7325,720.0,723.0,720.0,720.0,0,0,1000.0,720300.0,1.0,720.0,723.0,720.0,720.0,1000.0
2024-07-12,7325,719.0,725.0,719.0,721.0,0,0,1900.0,1375600.0,1.0,719.0,725.0,719.0,721.0,1900.0
2024-07-16,7325,727.0,728.0,720.0,725.0,0,0,7800.0,5642800.0,1.0,727.0,728.0,720.0,725.0,7800.0
2024-07-17,7325,728.0,729.0,722.0,727.0,0,0,2500.0,1816000.0,1.0,728.0,729.0,722.0,727.0,2500.0
2024-07-18,7325,733.0,734.0,725.0,729.0,0,0,6300.0,4587000.0,1.0,733.0,734.0,725.0,729.0,6300.0
2024-07-19,7325,730.0,730.0,714.0,721.0,0,0,3500.0,2532600.0,1.0,730.0,730.0,714.0,721.0,3500.0
2024-07-22,7325,735.0,735.0,720.0,720.0,0,0,46700.0,34282700.0,1.0,735.0,735.0,720.0,720.0,46700.0
2024-07-23,7325,728.0,729.0,724.0,729.0,0,0,1500.0,1090000.0,1.0,728.0,729.0,724.0,729.0,1500.0
2024-07-24,7325,729.0,735.0,721.0,735.0,0,0,3200.0,2328600.0,1.0,729.0,735.0,721.0,735.0,3200.0
2024-07-25,7325,734.0,734.0,717.0,732.0,0,0,6000.0,4363000.0,1.0,734.0,734.0,717.0,732.0,6000.0
2024-07-26,7325,730.0,733.0,721.0,733.0,0,0,900.0,653200.0,1.0,730.0,733.0,721.0,733.0,900.0
2024-07-29,7325,733.0,733.0,724.0,733.0,0,0,1300.0,949300.0,1.0,733.0,733.0,724.0,733.0,1300.0
2024-07-30,7325,727.0,731.0,727.0,730.0,0,0,600.0,437200.0,1.0,727.0,731.0,727.0,730.0,600.0
2024-07-31,7325,731.0,740.0,721.0,740.0,0,0,4700.0,3446300.0,1.0,731.0,740.0,721.0,740.0,4700.0
2024-08-01,7325,737.0,737.0,728.0,730.0,0,0,4500.0,3304100.0,1.0,737.0,737.0,728.0,730.0,4500.0
2024-08-02,7325,722.0,724.0,690.0,691.0,0,0,26000.0,18289000.0,1.0,722.0,724.0,690.0,691.0,26000.0
2024-08-05,7325,621.0,621.0,591.0,591.0,0,1,30100.0,18100500.0,1.0,621.0,621.0,591.0,591.0,30100.0
2024-08-06,7325,584.0,629.0,584.0,617.0,0,0,14500.0,8731300.0,1.0,584.0,629.0,584.0,617.0,14500.0
2024-08-07,7325,610.0,660.0,588.0,611.0,0,0,25400.0,15505000.0,1.0,610.0,660.0,588.0,611.0,25400.0
2024-08-08,7325,611.0,633.0,611.0,614.0,0,0,4100.0,2536900.0,1.0,611.0,633.0,611.0,614.0,4100.0
2024-08-09,7325,615.0,637.0,615.0,632.0,0,0,3200.0,2010100.0,1.0,615.0,637.0,615.0,632.0,3200.0
2024-08-13,7325,647.0,705.0,647.0,701.0,0,0,9500.0,6438300.0,1.0,647.0,705.0,647.0,701.0,9500.0
2024-08-14,7325,685.0,744.0,685.0,704.0,0,0,15800.0,11349900.0,1.0,685.0,744.0,685.0,704.0,15800.0
2024-08-15,7325,669.0,683.0,638.0,657.0,0,0,17200.0,11406700.0,1.0,669.0,683.0,638.0,657.0,17200.0
2024-08-16,7325,666.0,691.0,651.0,664.0,0,0,11000.0,7335800.0,1.0,666.0,691.0,651.0,664.0,11000.0
2024-08-19,7325,664.0,664.0,650.0,650.0,0,0,2300.0,1505300.0,1.0,664.0,664.0,650.0,650.0,2300.0
2024-08-20,7325,650.0,690.0,646.0,668.0,0,0,4500.0,2975500.0,1.0,650.0,690.0,646.0,668.0,4500.0
2024-08-21,7325,660.0,660.0,659.0,659.0,0,0,1200.0,791900.0,1.0,660.0,660.0,659.0,659.0,1200.0
2024-08-22,7325,660.0,664.0,650.0,661.0,0,0,2700.0,1770900.0,1.0,660.0,664.0,650.0,661.0,2700.0
2024-08-23,7325,681.0,700.0,654.0,700.0,0,0,12000.0,8130300.0,1.0,681.0,700.0,654.0,700.0,12000.0
2024-08-26,7325,790.0,850.0,759.0,850.0,1,0,239400.0,195343200.0,1.0,790.0,850.0,759.0,850.0,239400.0
2024-08-27,7325,862.0,869.0,788.0,788.0,0,0,457300.0,375718900.0,1.0,862.0,869.0,788.0,788.0,457300.0
2024-08-28,7325,789.0,789.0,732.0,740.0,0,0,94400.0,71543400.0,1.0,789.0,789.0,732.0,740.0,94400.0
2024-08-29,7325,731.0,753.0,718.0,735.0,0,0,48900.0,35820900.0,1.0,731.0,753.0,718.0,735.0,48900.0
2024-08-30,7325,736.0,752.0,736.0,737.0,0,0,19500.0,14456400.0,1.0,736.0,752.0,736.0,737.0,19500.0
2024-09-02,7325,743.0,743.0,731.0,733.0,0,0,16100.0,11857000.0,1.0,743.0,743.0,731.0,733.0,16100.0
2024-09-03,7325,748.0,748.0,728.0,741.0,0,0,19000.0,13980800.0,1.0,748.0,748.0,728.0,741.0,19000.0
2024-09-04,7325,700.0,728.0,680.0,694.0,0,0,64100.0,44859300.0,1.0,700.0,728.0,680.0,694.0,64100.0
2024-09-05,7325,686.0,707.0,686.0,703.0,0,0,10500.0,7331000.0,1.0,686.0,707.0,686.0,703.0,10500.0
2024-09-06,7325,688.0,702.0,680.0,680.0,0,0,17900.0,12323200.0,1.0,688.0,702.0,680.0,680.0,17900.0
2024-09-09,7325,670.0,688.0,663.0,688.0,0,0,11100.0,7424300.0,1.0,670.0,688.0,663.0,688.0,11100.0
2024-09-10,7325,688.0,698.0,683.0,683.0,0,0,8100.0,5582600.0,1.0,688.0,698.0,683.0,683.0,8100.0
2024-09-11,7325,681.0,681.0,655.0,674.0,0,0,9800.0,6555400.0,1.0,681.0,681.0,655.0,674.0,9800.0
2024-09-12,7325,676.0,689.0,666.0,681.0,0,0,4100.0,2788600.0,1.0,676.0,689.0,666.0,681.0,4100.0
2024-09-13,7325,672.0,681.0,672.0,674.0,0,0,3700.0,2498100.0,1.0,672.0,681.0,672.0,674.0,3700.0
2024-09-17,7325,674.0,674.0,664.0,670.0,0,0,5800.0,3865600.0,1.0,674.0,674.0,664.0,670.0,5800.0
2024-09-18,7325,664.0,680.0,664.0,668.0,0,0,2700.0,1806700.0,1.0,664.0,680.0,664.0,668.0,2700.0
2024-09-19,7325,669.0,680.0,669.0,680.0,0,0,3300.0,2221400.0,1.0,669.0,680.0,669.0,680.0,3300.0
2024-09-20,7325,683.0,687.0,673.0,676.0,0,0,5800.0,3930100.0,1.0,683.0,687.0,673.0,676.0,5800.0
2024-09-24,7325,676.0,676.0,660.0,666.0,0,0,5800.0,3872800.0,1.0,676.0,676.0,660.0,666.0,5800.0
2024-09-25,7325,674.0,674.0,654.0,664.0,0,0,8200.0,5442500.0,1.0,674.0,674.0,654.0,664.0,8200.0
2024-09-26,7325,665.0,681.0,658.0,676.0,0,0,10500.0,7030800.0,1.0,665.0,681.0,658.0,676.0,10500.0
2024-09-27,7325,676.0,679.0,669.0,675.0,0,0,2100.0,1419000.0,1.0,676.0,679.0,669.0,675.0,2100.0
2024-09-30,7325,665.0,674.0,651.0,663.0,0,0,12400.0,8240400.0,1.0,665.0,674.0,651.0,663.0,12400.0
2024-10-01,7325,664.0,669.0,663.0,667.0,0,0,4300.0,2863500.0,1.0,664.0,669.0,663.0,667.0,4300.0
2024-10-02,7325,673.0,673.0,666.0,667.0,0,0,3200.0,2149300.0,1.0,673.0,673.0,666.0,667.0,3200.0
2024-10-03,7325,671.0,673.0,663.0,664.0,0,0,4900.0,3267300.0,1.0,671.0,673.0,663.0,664.0,4900.0
2024-10-04,7325,666.0,667.0,665.0,665.0,0,0,3900.0,2596800.0,1.0,666.0,667.0,665.0,665.0,3900.0
2024-10-07,7325,665.0,670.0,661.0,667.0,0,0,4400.0,2928900.0,1.0,665.0,670.0,661.0,667.0,4400.0
2024-10-08,7325,667.0,667.0,662.0,663.0,0,0,4000.0,2660100.0,1.0,667.0,667.0,662.0,663.0,4000.0
2024-10-09,7325,665.0,666.0,660.0,666.0,0,0,5100.0,3381200.0,1.0,665.0,666.0,660.0,666.0,5100.0
2024-10-10,7325,667.0,670.0,665.0,667.0,0,0,3500.0,2334600.0,1.0,667.0,670.0,665.0,667.0,3500.0
2024-10-11,7325,667.0,670.0,666.0,666.0,0,0,2500.0,1668500.0,1.0,667.0,670.0,666.0,666.0,2500.0
2024-10-15,7325,674.0,674.0,665.0,666.0,0,0,3900.0,2606400.0,1.0,674.0,674.0,665.0,666.0,3900.0
2024-10-16,7325,665.0,668.0,655.0,656.0,0,0,15400.0,10188300.0,1.0,665.0,668.0,655.0,656.0,15400.0
2024-10-17,7325,666.0,671.0,665.0,665.0,0,0,3500.0,2337000.0,1.0,666.0,671.0,665.0,665.0,3500.0
2024-10-18,7325,674.0,674.0,668.0,672.0,0,0,10400.0,6974600.0,1.0,674.0,674.0,668.0,672.0,10400.0
2024-10-21,7325,674.0,678.0,668.0,668.0,0,0,3800.0,2558900.0,1.0,674.0,678.0,668.0,668.0,3800.0
2024-10-22,7325,670.0,674.0,666.0,666.0,0,0,7200.0,4829500.0,1.0,670.0,674.0,666.0,666.0,7200.0
2024-10-23,7325,666.0,667.0,659.0,660.0,0,0,3500.0,2315800.0,1.0,666.0,667.0,659.0,660.0,3500.0
2024-10-24,7325,665.0,665.0,653.0,658.0,0,0,5000.0,3297100.0,1.0,665.0,665.0,653.0,658.0,5000.0
2024-10-25,7325,660.0,660.0,652.0,652.0,0,0,6200.0,4072900.0,1.0,660.0,660.0,652.0,652.0,6200.0
2024-10-28,7325,652.0,664.0,652.0,664.0,0,0,900.0,595100.0,1.0,652.0,664.0,652.0,664.0,900.0
2024-10-29,7325,674.0,674.0,662.0,662.0,0,0,3600.0,2407600.0,1.0,674.0,674.0,662.0,662.0,3600.0
2024-10-30,7325,664.0,670.0,663.0,663.0,0,0,900.0,598900.0,1.0,664.0,670.0,663.0,663.0,900.0
2024-10-31,7325,664.0,664.0,664.0,664.0,0,0,200.0,132800.0,1.0,664.0,664.0,664.0,664.0,200.0
2024-11-01,7325,671.0,672.0,666.0,672.0,0,0,1500.0,1002300.0,1.0,671.0,672.0,666.0,672.0,1500.0
2024-11-05,7325,679.0,679.0,667.0,667.0,0,0,2100.0,1420200.0,1.0,679.0,679.0,667.0,667.0,2100.0
2024-11-06,7325,667.0,673.0,664.0,664.0,0,0,4400.0,2924800.0,1.0,667.0,673.0,664.0,664.0,4400.0
2024-11-07,7325,672.0,673.0,660.0,669.0,0,0,5000.0,3327500.0,1.0,672.0,673.0,660.0,669.0,5000.0
2024-11-08,7325,669.0,669.0,663.0,666.0,0,0,800.0,533600.0,1.0,669.0,669.0,663.0,666.0,800.0
2024-11-11,7325,670.0,683.0,670.0,682.0,0,0,7500.0,5083100.0,1.0,670.0,683.0,670.0,682.0,7500.0
2024-11-12,7325,689.0,694.0,677.0,694.0,0,0,6200.0,4261600.0,1.0,689.0,694.0,677.0,694.0,6200.0
2024-11-13,7325,695.0,699.0,692.0,695.0,0,0,8300.0,5771200.0,1.0,695.0,699.0,692.0,695.0,8300.0
2024-11-14,7325,720.0,720.0,700.0,700.0,0,0,22300.0,15885300.0,1.0,720.0,720.0,700.0,700.0,22300.0
2024-11-15,7325,734.0,734.0,698.0,708.0,0,0,17300.0,12342900.0,1.0,734.0,734.0,698.0,708.0,17300.0
2024-11-18,7325,695.0,707.0,695.0,705.0,0,0,6300.0,4403700.0,1.0,695.0,707.0,695.0,705.0,6300.0
2024-11-19,7325,702.0,716.0,702.0,715.0,0,0,6200.0,4410500.0,1.0,702.0,716.0,702.0,715.0,6200.0
2024-11-20,7325,713.0,713.0,700.0,702.0,0,0,2400.0,1694100.0,1.0,713.0,713.0,700.0,702.0,2400.0
2024-11-21,7325,702.0,707.0,690.0,696.0,0,0,4400.0,3073100.0,1.0,702.0,707.0,690.0,696.0,4400.0
2024-11-22,7325,696.0,699.0,695.0,699.0,0,0,3700.0,2575700.0,1.0,696.0,699.0,695.0,699.0,3700.0
2024-11-25,7325,699.0,699.0,695.0,695.0,0,0,2600.0,1814600.0,1.0,699.0,699.0,695.0,695.0,2600.0
2024-11-26,7325,695.0,707.0,692.0,707.0,0,0,3800.0,2647400.0,1.0,695.0,707.0,692.0,707.0,3800.0
2024-11-27,7325,704.0,704.0,686.0,695.0,0,0,2600.0,1814900.0,1.0,704.0,704.0,686.0,695.0,2600.0
2024-11-28,7325,685.0,693.0,682.0,683.0,0,0,4500.0,3084000.0,1.0,685.0,693.0,682.0,683.0,4500.0
2024-11-29,7325,682.0,686.0,682.0,685.0,0,0,2100.0,1434000.0,1.0,682.0,686.0,682.0,685.0,2100.0
2024-12-02,7325,685.0,685.0,680.0,683.0,0,0,1800.0,1230500.0,1.0,685.0,685.0,680.0,683.0,1800.0
2024-12-03,7325,693.0,703.0,680.0,690.0,0,0,8300.0,5723600.0,1.0,693.0,703.0,680.0,690.0,8300.0
2024-12-04,7325,681.0,685.0,679.0,682.0,0,0,5800.0,3951200.0,1.0,681.0,685.0,679.0,682.0,5800.0
2024-12-05,7325,689.0,707.0,687.0,691.0,0,0,153600.0,105910400.0,1.0,689.0,707.0,687.0,691.0,153600.0
2024-12-06,7325,687.0,687.0,682.0,682.0,0,0,2400.0,1640400.0,1.0,687.0,687.0,682.0,682.0,2400.0
2024-12-09,7325,684.0,686.0,679.0,685.0,0,0,3400.0,2324100.0,1.0,684.0,686.0,679.0,685.0,3400.0
2024-12-10,7325,681.0,685.0,679.0,679.0,0,0,2000.0,1361500.0,1.0,681.0,685.0,679.0,679.0,2000.0
2024-12-11,7325,679.0,689.0,679.0,689.0,0,0,2900.0,1978100.0,1.0,679.0,689.0,679.0,689.0,2900.0
2024-12-12,7325,689.0,689.0,675.0,675.0,0,0,9500.0,6437300.0,1.0,689.0,689.0,675.0,675.0,9500.0
2024-12-13,7325,675.0,675.0,669.0,669.0,0,0,6900.0,4636700.0,1.0,675.0,675.0,669.0,669.0,6900.0
2024-12-16,7325,669.0,674.0,656.0,665.0,0,0,6200.0,4126000.0,1.0,669.0,674.0,656.0,665.0,6200.0
2024-12-17,7325,656.0,656.0,636.0,645.0,0,0,26700.0,17223200.0,1.0,656.0,656.0,636.0,645.0,26700.0
2024-12-18,7325,641.0,647.0,640.0,647.0,0,0,6400.0,4126600.0,1.0,641.0,647.0,640.0,647.0,6400.0
2024-12-19,7325,640.0,648.0,640.0,648.0,0,0,2500.0,1608200.0,1.0,640.0,648.0,640.0,648.0,2500.0
2024-12-20,7325,648.0,648.0,641.0,645.0,0,0,16100.0,10413900.0,1.0,648.0,648.0,641.0,645.0,16100.0
2024-12-23,7325,653.0,670.0,648.0,670.0,0,0,171400.0,111970300.0,1.0,653.0,670.0,648.0,670.0,171400.0
2024-12-24,7325,664.0,672.0,657.0,672.0,0,0,13100.0,8728500.0,1.0,664.0,672.0,657.0,672.0,13100.0
2024-12-25,7325,679.0,682.0,671.0,673.0,0,0,11900.0,8064500.0,1.0,679.0,682.0,671.0,673.0,11900.0
2024-12-26,7325,673.0,679.0,645.0,655.0,0,0,26300.0,17378300.0,1.0,673.0,679.0,645.0,655.0,26300.0
2024-12-27,7325,659.0,666.0,659.0,664.0,0,0,6900.0,4571500.0,1.0,659.0,666.0,659.0,664.0,6900.0
2024-12-30,7325,666.0,667.0,661.0,663.0,0,0,3100.0,2055900.0,1.0,666.0,667.0,661.0,663.0,3100.0
2025-01-06,7325,662.0,671.0,662.0,670.0,0,0,4300.0,2869400.0,1.0,662.0,671.0,662.0,670.0,4300.0
2025-01-07,7325,674.0,680.0,673.0,680.0,0,0,8000.0,5403300.0,1.0,674.0,680.0,673.0,680.0,8000.0
2025-01-08,7325,680.0,690.0,680.0,690.0,0,0,3900.0,2669300.0,1.0,680.0,690.0,680.0,690.0,3900.0
2025-01-09,7325,690.0,690.0,680.0,690.0,0,0,3800.0,2608000.0,1.0,690.0,690.0,680.0,690.0,3800.0
2025-01-10,7325,684.0,691.0,682.0,683.0,0,0,2400.0,1648700.0,1.0,684.0,691.0,682.0,683.0,2400.0
2025-01-14,7325,691.0,695.0,680.0,680.0,0,0,5700.0,3924500.0,1.0,691.0,695.0,680.0,680.0,5700.0
2025-01-15,7325,689.0,689.0,670.0,679.0,0,0,4100.0,2769700.0,1.0,689.0,689.0,670.0,679.0,4100.0
2025-01-16,7325,682.0,683.0,670.0,675.0,0,0,3300.0,2226900.0,1.0,682.0,683.0,670.0,675.0,3300.0
2025-01-17,7325,675.0,675.0,666.0,668.0,0,0,3200.0,2147400.0,1.0,675.0,675.0,666.0,668.0,3200.0
2025-01-20,7325,669.0,679.0,656.0,672.0,0,0,11800.0,7900200.0,1.0,669.0,679.0,656.0,672.0,11800.0
2025-01-21,7325,678.0,678.0,663.0,670.0,0,0,2500.0,1669800.0,1.0,678.0,678.0,663.0,670.0,2500.0
2025-01-22,7325,664.0,670.0,664.0,670.0,0,0,4300.0,2870500.0,1.0,664.0,670.0,664.0,670.0,4300.0
2025-01-23,7325,664.0,669.0,664.0,669.0,0,0,1700.0,1133000.0,1.0,664.0,669.0,664.0,669.0,1700.0
2025-01-24,7325,675.0,675.0,663.0,667.0,0,0,6300.0,4225000.0,1.0,675.0,675.0,663.0,667.0,6300.0
2025-01-27,7325,666.0,666.0,658.0,665.0,0,0,5700.0,3775300.0,1.0,666.0,666.0,658.0,665.0,5700.0
2025-01-28,7325,665.0,674.0,662.0,674.0,0,0,1500.0,1006100.0,1.0,665.0,674.0,662.0,674.0,1500.0
2025-01-29,7325,676.0,676.0,671.0,673.0,0,0,2500.0,1682800.0,1.0,676.0,676.0,671.0,673.0,2500.0
2025-01-30,7325,673.0,673.0,664.0,666.0,0,0,5800.0,3866400.0,1.0,673.0,673.0,664.0,666.0,5800.0
2025-01-31,7325,674.0,674.0,664.0,666.0,0,0,5300.0,3531700.0,1.0,674.0,674.0,664.0,666.0,5300.0
2025-02-03,7325,665.0,665.0,656.0,661.0,0,0,5600.0,3697300.0,1.0,665.0,665.0,656.0,661.0,5600.0
2025-02-04,7325,667.0,667.0,662.0,663.0,0,0,3200.0,2128300.0,1.0,667.0,667.0,662.0,663.0,3200.0
2025-02-05,7325,664.0,670.0,659.0,663.0,0,0,7200.0,4784300.0,1.0,664.0,670.0,659.0,663.0,7200.0
2025-02-06,7325,681.0,687.0,673.0,679.0,0,0,14200.0,9665200.0,1.0,681.0,687.0,673.0,679.0,14200.0
2025-02-07,7325,679.0,690.0,678.0,680.0,0,0,10600.0,7247000.0,1.0,679.0,690.0,678.0,680.0,10600.0
2025-02-10,7325,690.0,690.0,679.0,686.0,0,0,6900.0,4717200.0,1.0,690.0,690.0,679.0,686.0,6900.0
2025-02-12,7325,686.0,693.0,685.0,693.0,0,0,8000.0,5507400.0,1.0,686.0,693.0,685.0,693.0,8000.0
2025-02-13,7325,694.0,699.0,676.0,695.0,0,0,13600.0,9417800.0,1.0,694.0,699.0,676.0,695.0,13600.0
2025-02-14,7325,700.0,730.0,696.0,715.0,0,0,21900.0,15575400.0,1.0,700.0,730.0,696.0,715.0,21900.0
2025-02-17,7325,665.0,701.0,653.0,697.0,0,0,66400.0,44548400.0,1.0,665.0,701.0,653.0,697.0,66400.0
2025-02-18,7325,687.0,693.0,677.0,677.0,0,0,14400.0,9863100.0,1.0,687.0,693.0,677.0,677.0,14400.0
2025-02-19,7325,692.0,692.0,675.0,677.0,0,0,9700.0,6645200.0,1.0,692.0,692.0,675.0,677.0,9700.0
2025-02-20,7325,676.0,676.0,662.0,664.0,0,0,7900.0,5275000.0,1.0,676.0,676.0,662.0,664.0,7900.0
2025-02-21,7325,662.0,666.0,661.0,666.0,0,0,3400.0,2253300.0,1.0,662.0,666.0,661.0,666.0,3400.0
2025-02-25,7325,676.0,676.0,662.0,663.0,0,0,5600.0,3759300.0,1.0,676.0,676.0,662.0,663.0,5600.0
2025-02-26,7325,661.0,661.0,652.0,656.0,0,0,6900.0,4537900.0,1.0,661.0,661.0,652.0,656.0,6900.0
2025-02-27,7325,636.0,653.0,636.0,650.0,0,0,14600.0,9348100.0,1.0,636.0,653.0,636.0,650.0,14600.0
2025-02-28,7325,640.0,649.0,640.0,649.0,0,0,4600.0,2949900.0,1.0,640.0,649.0,640.0,649.0,4600.0
2025-03-03,7325,657.0,663.0,656.0,661.0,0,0,4700.0,3095900.0,1.0,657.0,663.0,656.0,661.0,4700.0
2025-03-04,7325,654.0,659.0,640.0,649.0,0,0,6100.0,3969800.0,1.0,654.0,659.0,640.0,649.0,6100.0
2025-03-05,7325,649.0,652.0,642.0,645.0,0,0,4900.0,3164600.0,1.0,649.0,652.0,642.0,645.0,4900.0
2025-03-06,7325,646.0,659.0,646.0,655.0,0,0,4500.0,2951300.0,1.0,646.0,659.0,646.0,655.0,4500.0
2025-03-07,7325,654.0,659.0,649.0,653.0,0,0,6800.0,4450200.0,1.0,654.0,659.0,649.0,653.0,6800.0
2025-03-10,7325,652.0,660.0,649.0,653.0,0,0,4600.0,2999500.0,1.0,652.0,660.0,649.0,653.0,4600.0
2025-03-11,7325,650.0,655.0,646.0,652.0,0,0,6000.0,3913700.0,1.0,650.0,655.0,646.0,652.0,6000.0
2025-03-12,7325,651.0,652.0,649.0,652.0,0,0,2500.0,1626100.0,1.0,651.0,652.0,649.0,652.0,2500.0
2025-03-13,7325,652.0,663.0,652.0,662.0,0,0,4800.0,3141700.0,1.0,652.0,663.0,652.0,662.0,4800.0
2025-03-14,7325,658.0,675.0,649.0,660.0,0,0,10800.0,7142100.0,1.0,658.0,675.0,649.0,660.0,10800.0
2025-03-17,7325,660.0,672.0,660.0,664.0,0,0,11000.0,7282500.0,1.0,660.0,672.0,660.0,664.0,11000.0
2025-03-18,7325,665.0,671.0,665.0,666.0,0,0,5600.0,3728000.0,1.0,665.0,671.0,665.0,666.0,5600.0
2025-03-19,7325,667.0,676.0,667.0,670.0,0,0,3000.0,2015200.0,1.0,667.0,676.0,667.0,670.0,3000.0
2025-03-21,7325,674.0,680.0,670.0,680.0,0,0,4800.0,3237900.0,1.0,674.0,680.0,670.0,680.0,4800.0
2025-03-24,7325,680.0,695.0,680.0,695.0,0,0,6500.0,4459700.0,1.0,680.0,695.0,680.0,695.0,6500.0
2025-03-25,7325,699.0,699.0,681.0,681.0,0,0,7000.0,4859900.0,1.0,699.0,699.0,681.0,681.0,7000.0
2025-03-26,7325,681.0,745.0,681.0,702.0,0,0,24500.0,17601200.0,1.0,681.0,745.0,681.0,702.0,24500.0
2025-03-27,7325,697.0,702.0,697.0,701.0,0,0,2700.0,1886900.0,1.0,697.0,702.0,697.0,701.0,2700.0
2025-03-28,7325,696.0,705.0,695.0,703.0,0,0,4800.0,3353700.0,1.0,696.0,705.0,695.0,703.0,4800.0
2025-03-31,7325,700.0,703.0,695.0,703.0,0,0,2800.0,1960100.0,1.0,700.0,703.0,695.0,703.0,2800.0
2025-04-01,7325,703.0,703.0,695.0,703.0,0,0,3200.0,2236500.0,1.0,703.0,703.0,695.0,703.0,3200.0
2025-04-02,7325,700.0,700.0,691.0,699.0,0,0,3300.0,2300300.0,1.0,700.0,700.0,691.0,699.0,3300.0
2025-04-03,7325,679.0,699.0,679.0,699.0,0,0,5200.0,3596000.0,1.0,679.0,699.0,679.0,699.0,5200.0
2025-04-04,7325,681.0,695.0,660.0,670.0,0,0,23500.0,15948200.0,1.0,681.0,695.0,660.0,670.0,23500.0
2025-04-07,7325,580.0,638.0,580.0,635.0,0,0,18500.0,11062200.0,1.0,580.0,638.0,580.0,635.0,18500.0
2025-04-08,7325,665.0,689.0,651.0,680.0,0,0,5600.0,3789600.0,1.0,665.0,689.0,651.0,680.0,5600.0
2025-04-09,7325,660.0,666.0,634.0,635.0,0,0,3800.0,2466500.0,1.0,660.0,666.0,634.0,635.0,3800.0
2025-04-10,7325,665.0,685.0,656.0,661.0,0,0,8400.0,5597100.0,1.0,665.0,685.0,656.0,661.0,8400.0
2025-04-11,7325,660.0,664.0,640.0,664.0,0,0,1600.0,1044800.0,1.0,660.0,664.0,640.0,664.0,1600.0
2025-04-14,7325,664.0,667.0,659.0,659.0,0,0,3000.0,1984800.0,1.0,664.0,667.0,659.0,659.0,3000.0
2025-04-15,7325,679.0,679.0,662.0,672.0,0,0,600.0,401600.0,1.0,679.0,679.0,662.0,672.0,600.0
2025-04-16,7325,672.0,672.0,657.0,670.0,0,0,3800.0,2525200.0,1.0,672.0,672.0,657.0,670.0,3800.0
2025-04-17,7325,672.0,677.0,662.0,677.0,0,0,3200.0,2144200.0,1.0,672.0,677.0,662.0,677.0,3200.0
2025-04-18,7325,672.0,674.0,666.0,672.0,0,0,5000.0,3356500.0,1.0,672.0,674.0,666.0,672.0,5000.0
2025-04-21,7325,662.0,685.0,658.0,665.0,0,0,8900.0,5963900.0,1.0,662.0,685.0,658.0,665.0,8900.0
2025-04-22,7325,663.0,672.0,663.0,672.0,0,0,1300.0,870900.0,1.0,663.0,672.0,663.0,672.0,1300.0
2025-04-23,7325,672.0,678.0,667.0,678.0,0,0,3600.0,2416100.0,1.0,672.0,678.0,667.0,678.0,3600.0
2025-04-24,7325,680.0,684.0,676.0,684.0,0,0,1200.0,816500.0,1.0,680.0,684.0,676.0,684.0,1200.0
2025-04-25,7325,697.0,697.0,675.0,675.0,0,0,6000.0,4141000.0,1.0,697.0,697.0,675.0,675.0,6000.0
2025-04-28,7325,675.0,681.0,674.0,675.0,0,0,1300.0,882300.0,1.0,675.0,681.0,674.0,675.0,1300.0
2025-04-30,7325,675.0,686.0,675.0,686.0,0,0,1500.0,1026800.0,1.0,675.0,686.0,675.0,686.0,1500.0
2025-05-01,7325,686.0,700.0,683.0,700.0,0,0,2300.0,1594100.0,1.0,686.0,700.0,683.0,700.0,2300.0
2025-05-02,7325,704.0,704.0,681.0,688.0,0,0,3300.0,2289700.0,1.0,704.0,704.0,681.0,688.0,3300.0
2025-05-07,7325,686.0,697.0,686.0,697.0,0,0,1500.0,1033400.0,1.0,686.0,697.0,686.0,697.0,1500.0
2025-05-08,7325,697.0,700.0,690.0,697.0,0,0,900.0,623400.0,1.0,697.0,700.0,690.0,697.0,900.0
2025-05-09,7325,697.0,697.0,687.0,697.0,0,0,1100.0,762900.0,1.0,697.0,697.0,687.0,697.0,1100.0
2025-05-12,7325,702.0,707.0,697.0,707.0,0,0,2200.0,1546000.0,1.0,702.0,707.0,697.0,707.0,2200.0
2025-05-13,7325,710.0,745.0,710.0,736.0,0,0,10300.0,7526400.0,1.0,710.0,745.0,710.0,736.0,10300.0
2025-05-14,7325,736.0,740.0,718.0,724.0,0,0,1100.0,804800.0,1.0,736.0,740.0,718.0,724.0,1100.0
2025-05-15,7325,728.0,736.0,704.0,729.0,0,0,5000.0,3622100.0,1.0,728.0,736.0,704.0,729.0,5000.0
2025-05-16,7325,740.0,757.0,714.0,738.0,0,0,25500.0,18685200.0,1.0,740.0,757.0,714.0,738.0,25500.0
2025-05-19,7325,744.0,745.0,726.0,726.0,0,0,6800.0,4995100.0,1.0,744.0,745.0,726.0,726.0,6800.0
2025-05-20,7325,726.0,728.0,717.0,725.0,0,0,5400.0,3898300.0,1.0,726.0,728.0,717.0,725.0,5400.0
2025-05-21,7325,740.0,740.0,725.0,733.0,0,0,6100.0,4485500.0,1.0,740.0,740.0,725.0,733.0,6100.0
2025-05-22,7325,727.0,731.0,720.0,728.0,0,0,3500.0,2542800.0,1.0,727.0,731.0,720.0,728.0,3500.0
2025-05-23,7325,734.0,735.0,723.0,728.0,0,0,4600.0,3365300.0,1.0,734.0,735.0,723.0,728.0,4600.0
2025-05-26,7325,730.0,749.0,725.0,737.0,0,0,4600.0,3402700.0,1.0,730.0,749.0,725.0,737.0,4600.0
2025-05-27,7325,744.0,767.0,738.0,767.0,0,0,6700.0,5067600.0,1.0,744.0,767.0,738.0,767.0,6700.0
2025-05-28,7325,766.0,766.0,750.0,761.0,0,0,2000.0,1518600.0,1.0,766.0,766.0,750.0,761.0,2000.0
2025-05-29,7325,757.0,757.0,740.0,745.0,0,0,2100.0,1560900.0,1.0,757.0,757.0,740.0,745.0,2100.0
2025-05-30,7325,746.0,760.0,735.0,737.0,0,0,4800.0,3578900.0,1.0,746.0,760.0,735.0,737.0,4800.0
2025-06-02,7325,737.0,743.0,736.0,742.0,0,0,1700.0,1258900.0,1.0,737.0,743.0,736.0,742.0,1700.0
2025-06-03,7325,742.0,742.0,730.0,740.0,0,0,2200.0,1626800.0,1.0,742.0,742.0,730.0,740.0,2200.0
2025-06-04,7325,735.0,744.0,735.0,737.0,0,0,2000.0,1483500.0,1.0,735.0,744.0,735.0,737.0,2000.0
2025-06-05,7325,742.0,742.0,722.0,737.0,0,0,2600.0,1913400.0,1.0,742.0,742.0,722.0,737.0,2600.0
2025-06-06,7325,739.0,743.0,727.0,727.0,0,0,700.0,513900.0,1.0,739.0,743.0,727.0,727.0,700.0
2025-06-09,7325,729.0,740.0,729.0,738.0,0,0,1800.0,1328500.0,1.0,729.0,740.0,729.0,738.0,1800.0
2025-06-10,7325,732.0,738.0,732.0,734.0,0,0,300.0,220400.0,1.0,732.0,738.0,732.0,734.0,300.0
2025-06-11,7325,736.0,741.0,731.0,737.0,0,0,4200.0,3096200.0,1.0,736.0,741.0,731.0,737.0,4200.0
2025-06-12,7325,734.0,734.0,721.0,721.0,0,0,1700.0,1237300.0,1.0,734.0,734.0,721.0,721.0,1700.0
2025-06-13,7325,725.0,725.0,721.0,721.0,0,0,1200.0,866900.0,1.0,725.0,725.0,721.0,721.0,1200.0
2025-06-16,7325,720.0,724.0,705.0,718.0,0,0,2400.0,1717400.0,1.0,720.0,724.0,705.0,718.0,2400.0
2025-06-17,7325,787.0,820.0,764.0,805.0,0,0,126100.0,99806600.0,1.0,787.0,820.0,764.0,805.0,126100.0
2025-06-18,7325,790.0,793.0,754.0,766.0,0,0,21300.0,16543100.0,1.0,790.0,793.0,754.0,766.0,21300.0
2025-06-19,7325,755.0,770.0,745.0,762.0,0,0,23200.0,17612400.0,1.0,755.0,770.0,745.0,762.0,23200.0
2025-06-20,7325,762.0,769.0,730.0,755.0,0,0,18100.0,13489400.0,1.0,762.0,769.0,730.0,755.0,18100.0
2025-06-23,7325,770.0,770.0,736.0,752.0,0,0,11200.0,8424200.0,1.0,770.0,770.0,736.0,752.0,11200.0
2025-06-24,7325,748.0,758.0,743.0,758.0,0,0,25600.0,19096100.0,1.0,748.0,758.0,743.0,758.0,25600.0
2025-06-25,7325,773.0,773.0,740.0,740.0,0,0,12900.0,9724200.0,1.0,773.0,773.0,740.0,740.0,12900.0
2025-06-26,7325,740.0,747.0,739.0,740.0,0,0,11500.0,8529000.0,1.0,740.0,747.0,739.0,740.0,11500.0
2025-06-27,7325,721.0,736.0,716.0,721.0,0,0,15500.0,11235200.0,1.0,721.0,736.0,716.0,721.0,15500.0
2025-06-30,7325,721.0,723.0,714.0,722.0,0,0,10100.0,7274500.0,1.0,721.0,723.0,714.0,722.0,10100.0
2025-07-01,7325,726.0,726.0,718.0,726.0,0,0,3400.0,2456400.0,1.0,726.0,726.0,718.0,726.0,3400.0
2025-07-02,7325,726.0,731.0,725.0,728.0,0,0,6600.0,4795000.0,1.0,726.0,731.0,725.0,728.0,6600.0
2025-07-03,7325,722.0,725.0,718.0,722.0,0,0,3500.0,2525500.0,1.0,722.0,725.0,718.0,722.0,3500.0
2025-07-04,7325,726.0,729.0,726.0,727.0,0,0,4500.0,3272700.0,1.0,726.0,729.0,726.0,727.0,4500.0
2025-07-07,7325,730.0,730.0,730.0,730.0,0,0,2900.0,2117000.0,1.0,730.0,730.0,730.0,730.0,2900.0
2025-07-08,7325,730.0,732.0,724.0,732.0,0,0,11300.0,8245200.0,1.0,730.0,732.0,724.0,732.0,11300.0
2025-07-09,7325,729.0,740.0,725.0,740.0,0,0,7000.0,5122300.0,1.0,729.0,740.0,725.0,740.0,7000.0
2025-07-10,7325,740.0,745.0,737.0,745.0,0,0,4000.0,2961800.0,1.0,740.0,745.0,737.0,745.0,4000.0
2025-07-11,7325,745.0,747.0,740.0,740.0,0,0,1700.0,1263100.0,1.0,745.0,747.0,740.0,740.0,1700.0
2025-07-14,7325,740.0,750.0,740.0,749.0,0,0,10600.0,7894900.0,1.0,740.0,750.0,740.0,749.0,10600.0
2025-07-15,7325,749.0,750.0,746.0,749.0,0,0,4500.0,3368400.0,1.0,749.0,750.0,746.0,749.0,4500.0
2025-07-16,7325,749.0,749.0,744.0,749.0,0,0,4300.0,3217900.0,1.0,749.0,749.0,744.0,749.0,4300.0
2025-07-17,7325,746.0,746.0,740.0,740.0,0,0,1800.0,1337600.0,1.0,746.0,746.0,740.0,740.0,1800.0
2025-07-18,7325,740.0,743.0,738.0,740.0,0,0,10200.0,7548700.0,1.0,740.0,743.0,738.0,740.0,10200.0
2025-07-22,7325,742.0,747.0,738.0,747.0,0,0,9100.0,6749000.0,1.0,742.0,747.0,738.0,747.0,9100.0
2025-07-23,7325,747.0,750.0,740.0,749.0,0,0,17000.0,12690800.0,1.0,747.0,750.0,740.0,749.0,17000.0
2025-07-24,7325,748.0,752.0,745.0,752.0,0,0,13000.0,9749400.0,1.0,748.0,752.0,745.0,752.0,13000.0
2025-07-25,7325,752.0,752.0,743.0,752.0,0,0,10600.0,7960600.0,1.0,752.0,752.0,743.0,752.0,10600.0
2025-07-28,7325,752.0,752.0,740.0,751.0,0,0,5800.0,4342900.0,1.0,752.0,752.0,740.0,751.0,5800.0
2025-07-29,7325,750.0,750.0,745.0,749.0,0,0,1100.0,824000.0,1.0,750.0,750.0,745.0,749.0,1100.0
2025-07-30,7325,752.0,754.0,742.0,753.0,0,0,21600.0,16210700.0,1.0,752.0,754.0,742.0,753.0,21600.0
2025-07-31,7325,752.0,753.0,750.0,752.0,0,0,6100.0,4583400.0,1.0,752.0,753.0,750.0,752.0,6100.0
2025-08-01,7325,752.0,752.0,750.0,752.0,0,0,4600.0,3453200.0,1.0,752.0,752.0,750.0,752.0,4600.0
2025-08-04,7325,752.0,752.0,729.0,749.0,0,0,6900.0,5119300.0,1.0,752.0,752.0,729.0,749.0,6900.0
2025-08-05,7325,743.0,743.0,739.0,739.0,0,0,1300.0,964800.0,1.0,743.0,743.0,739.0,739.0,1300.0
2025-08-06,7325,738.0,749.0,738.0,749.0,0,0,9100.0,6775500.0,1.0,738.0,749.0,738.0,749.0,9100.0
2025-08-07,7325,745.0,750.0,740.0,746.0,0,0,3000.0,2238300.0,1.0,745.0,750.0,740.0,746.0,3000.0
2025-08-08,7325,745.0,750.0,745.0,750.0,0,0,5400.0,4044100.0,1.0,745.0,750.0,745.0,750.0,5400.0
2025-08-12,7325,751.0,760.0,748.0,756.0,0,0,17800.0,13397800.0,1.0,751.0,760.0,748.0,756.0,17800.0
2025-08-13,7325,757.0,757.0,749.0,754.0,0,0,4900.0,3692500.0,1.0,757.0,757.0,749.0,754.0,4900.0
2025-08-14,7325,759.0,778.0,756.0,765.0,0,0,15100.0,11555100.0,1.0,759.0,778.0,756.0,765.0,15100.0
2025-08-15,7325,850.0,880.0,845.0,864.0,0,0,109900.0,94236200.0,1.0,850.0,880.0,845.0,864.0,109900.0
2025-08-18,7325,841.0,850.0,833.0,848.0,0,0,16400.0,13848600.0,1.0,841.0,850.0,833.0,848.0,16400.0
2025-08-19,7325,841.0,857.0,830.0,843.0,0,0,15400.0,12911600.0,1.0,841.0,857.0,830.0,843.0,15400.0
2025-08-20,7325,828.0,841.0,807.0,825.0,0,0,15500.0,12727800.0,1.0,828.0,841.0,807.0,825.0,15500.0
2025-08-21,7325,827.0,829.0,817.0,823.0,0,0,5600.0,4620800.0,1.0,827.0,829.0,817.0,823.0,5600.0
2025-08-22,7325,826.0,840.0,817.0,840.0,0,0,7600.0,6287700.0,1.0,826.0,840.0,817.0,840.0,7600.0
2025-08-25,7325,855.0,856.0,840.0,854.0,0,0,10900.0,9278000.0,1.0,855.0,856.0,840.0,854.0,10900.0
2025-08-26,7325,854.0,855.0,841.0,853.0,0,0,5800.0,4934500.0,1.0,854.0,855.0,841.0,853.0,5800.0
2025-08-27,7325,853.0,853.0,848.0,851.0,0,0,4200.0,3574000.0,1.0,853.0,853.0,848.0,851.0,4200.0
2025-08-28,7325,852.0,870.0,845.0,870.0,0,0,12200.0,10463900.0,1.0,852.0,870.0,845.0,870.0,12200.0
2025-08-29,7325,874.0,875.0,867.0,869.0,0,0,9200.0,8025700.0,1.0,874.0,875.0,867.0,869.0,9200.0
2025-09-01,7325,959.0,989.0,915.0,936.0,0,0,114800.0,108328500.0,1.0,959.0,989.0,915.0,936.0,114800.0
2025-09-02,7325,937.0,942.0,901.0,901.0,0,0,20500.0,18870000.0,1.0,937.0,942.0,901.0,901.0,20500.0
2025-09-03,7325,896.0,940.0,886.0,926.0,0,0,24600.0,22523500.0,1.0,896.0,940.0,886.0,926.0,24600.0
2025-09-04,7325,920.0,934.0,920.0,934.0,0,0,6600.0,6116300.0,1.0,920.0,934.0,920.0,934.0,6600.0
2025-09-05,7325,942.0,944.0,928.0,943.0,0,0,17800.0,16709900.0,1.0,942.0,944.0,928.0,943.0,17800.0
