Date,Code,Open,High,Low,Close,UpperLimit,LowerLimit,Volume,TurnoverValue,AdjustmentFactor,AdjustmentOpen,AdjustmentHigh,AdjustmentLow,AdjustmentClose,AdjustmentVolume
2023-09-06,7327,3780.0,3845.0,3780.0,3830.0,0,0,69800.0,266943500.0,1.0,630.0,640.8,630.0,638.3,418800.0
2023-09-07,7327,3810.0,3870.0,3810.0,3835.0,0,0,72800.0,279603500.0,1.0,635.0,645.0,635.0,639.2,436800.0
2023-09-08,7327,3795.0,3830.0,3770.0,3775.0,0,0,138000.0,523489500.0,1.0,632.5,638.3,628.3,629.2,828000.0
2023-09-11,7327,3830.0,3950.0,3825.0,3950.0,0,0,108900.0,424453000.0,1.0,638.3,658.3,637.5,658.3,653400.0
2023-09-12,7327,3970.0,3995.0,3905.0,3960.0,0,0,94600.0,372969500.0,1.0,661.7,665.8,650.8,660.0,567600.0
2023-09-13,7327,3960.0,3990.0,3935.0,3965.0,0,0,122200.0,484280000.0,1.0,660.0,665.0,655.8,660.8,733200.0
2023-09-14,7327,4015.0,4030.0,3975.0,3990.0,0,0,85500.0,342055500.0,1.0,669.2,671.7,662.5,665.0,513000.0
2023-09-15,7327,4030.0,4095.0,4000.0,4015.0,0,0,158300.0,639772500.0,1.0,671.7,682.5,666.7,669.2,949800.0
2023-09-19,7327,3995.0,4040.0,3995.0,4025.0,0,0,98000.0,393575000.0,1.0,665.8,673.3,665.8,670.8,588000.0
2023-09-20,7327,4040.0,4065.0,3960.0,3975.0,0,0,164200.0,655920500.0,1.0,673.3,677.5,660.0,662.5,985200.0
2023-09-21,7327,4000.0,4060.0,3985.0,3995.0,0,0,102100.0,409830000.0,1.0,666.7,676.7,664.2,665.8,612600.0
2023-09-22,7327,3975.0,4080.0,3940.0,4055.0,0,0,153000.0,614010000.0,1.0,662.5,680.0,656.7,675.8,918000.0
2023-09-25,7327,4090.0,4090.0,3960.0,3965.0,0,0,107900.0,430497000.0,1.0,681.7,681.7,660.0,660.8,647400.0
2023-09-26,7327,3995.0,4005.0,3925.0,3965.0,0,0,148500.0,588912500.0,1.0,665.8,667.5,654.2,660.8,891000.0
2023-09-27,7327,3930.0,4030.0,3890.0,4020.0,0,0,128800.0,512297000.0,1.0,655.0,671.7,648.3,670.0,772800.0
2023-09-28,7327,3950.0,3985.0,3900.0,3930.0,0,0,95900.0,377534000.0,1.0,658.3,664.2,650.0,655.0,575400.0
2023-09-29,7327,3900.0,3920.0,3760.0,3795.0,0,0,95700.0,365932500.0,1.0,650.0,653.3,626.7,632.5,574200.0
2023-10-02,7327,3865.0,3970.0,3855.0,3900.0,0,0,110100.0,431193000.0,1.0,644.2,661.7,642.5,650.0,660600.0
2023-10-03,7327,3885.0,3885.0,3790.0,3805.0,0,0,71500.0,273399000.0,1.0,647.5,647.5,631.7,634.2,429000.0
2023-10-04,7327,3715.0,3775.0,3690.0,3690.0,0,0,135800.0,505347000.0,1.0,619.2,629.2,615.0,615.0,814800.0
2023-10-05,7327,3680.0,3820.0,3680.0,3800.0,0,0,91100.0,342789000.0,1.0,613.3,636.7,613.3,633.3,546600.0
2023-10-06,7327,3815.0,3880.0,3780.0,3835.0,0,0,63300.0,243320000.0,1.0,635.8,646.7,630.0,639.2,379800.0
2023-10-10,7327,3875.0,3975.0,3855.0,3965.0,0,0,109800.0,432216000.0,1.0,645.8,662.5,642.5,660.8,658800.0
2023-10-11,7327,3965.0,3965.0,3910.0,3920.0,0,0,62700.0,246753500.0,1.0,660.8,660.8,651.7,653.3,376200.0
2023-10-12,7327,3920.0,3935.0,3895.0,3910.0,0,0,54200.0,211945000.0,1.0,653.3,655.8,649.2,651.7,325200.0
2023-10-13,7327,3860.0,3910.0,3795.0,3800.0,0,0,97100.0,372013500.0,1.0,643.3,651.7,632.5,633.3,582600.0
2023-10-16,7327,3765.0,3790.0,3715.0,3735.0,0,0,63500.0,237778500.0,1.0,627.5,631.7,619.2,622.5,381000.0
2023-10-17,7327,3775.0,3795.0,3715.0,3760.0,0,0,72400.0,271636000.0,1.0,629.2,632.5,619.2,626.7,434400.0
2023-10-18,7327,3825.0,3845.0,3785.0,3830.0,0,0,81500.0,311619500.0,1.0,637.5,640.8,630.8,638.3,489000.0
2023-10-19,7327,3795.0,3835.0,3790.0,3825.0,0,0,59100.0,225669500.0,1.0,632.5,639.2,631.7,637.5,354600.0
2023-10-20,7327,3825.0,3860.0,3775.0,3790.0,0,0,60400.0,230186000.0,1.0,637.5,643.3,629.2,631.7,362400.0
2023-10-23,7327,3795.0,3830.0,3780.0,3805.0,0,0,72200.0,275152000.0,1.0,632.5,638.3,630.0,634.2,433200.0
2023-10-24,7327,3795.0,3795.0,3680.0,3760.0,0,0,96300.0,360216000.0,1.0,632.5,632.5,613.3,626.7,577800.0
2023-10-25,7327,3755.0,3805.0,3745.0,3760.0,0,0,104800.0,395840500.0,1.0,625.8,634.2,624.2,626.7,628800.0
2023-10-26,7327,3785.0,3800.0,3715.0,3745.0,0,0,70000.0,262605000.0,1.0,630.8,633.3,619.2,624.2,420000.0
2023-10-27,7327,3755.0,3885.0,3755.0,3875.0,0,0,91100.0,350321000.0,1.0,625.8,647.5,625.8,645.8,546600.0
2023-10-30,7327,3820.0,3895.0,3800.0,3810.0,0,0,115400.0,443459000.0,1.0,636.7,649.2,633.3,635.0,692400.0
2023-10-31,7327,3880.0,3940.0,3810.0,3915.0,0,0,123400.0,480902500.0,1.0,646.7,656.7,635.0,652.5,740400.0
2023-11-01,7327,3955.0,4040.0,3935.0,4025.0,0,0,143400.0,573010500.0,1.0,659.2,673.3,655.8,670.8,860400.0
2023-11-02,7327,4040.0,4095.0,3925.0,3965.0,0,0,100800.0,401132500.0,1.0,673.3,682.5,654.2,660.8,604800.0
2023-11-06,7327,3970.0,3995.0,3900.0,3905.0,0,0,111700.0,439785000.0,1.0,661.7,665.8,650.0,650.8,670200.0
2023-11-07,7327,3880.0,3930.0,3855.0,3860.0,0,0,83700.0,324859500.0,1.0,646.7,655.0,642.5,643.3,502200.0
2023-11-08,7327,3860.0,3860.0,3630.0,3670.0,0,0,197100.0,730248500.0,1.0,643.3,643.3,605.0,611.7,1182600.0
2023-11-09,7327,3640.0,3735.0,3600.0,3705.0,0,0,108200.0,396192500.0,1.0,606.7,622.5,600.0,617.5,649200.0
2023-11-10,7327,3735.0,3845.0,3695.0,3840.0,0,0,123600.0,467818500.0,1.0,622.5,640.8,615.8,640.0,741600.0
2023-11-13,7327,3800.0,3845.0,3770.0,3810.0,0,0,106000.0,403691500.0,1.0,633.3,640.8,628.3,635.0,636000.0
2023-11-14,7327,3875.0,3875.0,3770.0,3810.0,0,0,75100.0,286162000.0,1.0,645.8,645.8,628.3,635.0,450600.0
2023-11-15,7327,3810.0,3860.0,3770.0,3830.0,0,0,133000.0,508575500.0,1.0,635.0,643.3,628.3,638.3,798000.0
2023-11-16,7327,3810.0,3880.0,3785.0,3785.0,0,0,118700.0,452636000.0,1.0,635.0,646.7,630.8,630.8,712200.0
2023-11-17,7327,3750.0,3885.0,3745.0,3870.0,0,0,105700.0,405535000.0,1.0,625.0,647.5,624.2,645.0,634200.0
2023-11-20,7327,3870.0,3965.0,3865.0,3890.0,0,0,145200.0,567583500.0,1.0,645.0,660.8,644.2,648.3,871200.0
2023-11-21,7327,3860.0,3930.0,3860.0,3915.0,0,0,112000.0,436898500.0,1.0,643.3,655.0,643.3,652.5,672000.0
2023-11-22,7327,3875.0,3975.0,3875.0,3945.0,0,0,107100.0,422846500.0,1.0,645.8,662.5,645.8,657.5,642600.0
2023-11-24,7327,3935.0,3975.0,3930.0,3965.0,0,0,83000.0,328417500.0,1.0,655.8,662.5,655.0,660.8,498000.0
2023-11-27,7327,3995.0,4040.0,3975.0,4015.0,0,0,112300.0,449705500.0,1.0,665.8,673.3,662.5,669.2,673800.0
2023-11-28,7327,3980.0,4085.0,3980.0,4020.0,0,0,130400.0,526464000.0,1.0,663.3,680.8,663.3,670.0,782400.0
2023-11-29,7327,4005.0,4040.0,3905.0,3910.0,0,0,119500.0,471734000.0,1.0,667.5,673.3,650.8,651.7,717000.0
2023-11-30,7327,3900.0,3960.0,3900.0,3940.0,0,0,120900.0,475094500.0,1.0,650.0,660.0,650.0,656.7,725400.0
2023-12-01,7327,3975.0,3990.0,3945.0,3960.0,0,0,126500.0,501880500.0,1.0,662.5,665.0,657.5,660.0,759000.0
2023-12-04,7327,3955.0,3990.0,3910.0,3965.0,0,0,120400.0,476223500.0,1.0,659.2,665.0,651.7,660.8,722400.0
2023-12-05,7327,3930.0,3990.0,3930.0,3940.0,0,0,128600.0,508961500.0,1.0,655.0,665.0,655.0,656.7,771600.0
2023-12-06,7327,3925.0,3995.0,3925.0,3990.0,0,0,118500.0,470936500.0,1.0,654.2,665.8,654.2,665.0,711000.0
2023-12-07,7327,3935.0,4035.0,3935.0,4025.0,0,0,132700.0,530235500.0,1.0,655.8,672.5,655.8,670.8,796200.0
2023-12-08,7327,4020.0,4095.0,4005.0,4050.0,0,0,177900.0,719363500.0,1.0,670.0,682.5,667.5,675.0,1067400.0
2023-12-11,7327,4105.0,4145.0,4045.0,4075.0,0,0,209500.0,859023500.0,1.0,684.2,690.8,674.2,679.2,1257000.0
2023-12-12,7327,4060.0,4090.0,4015.0,4040.0,0,0,110800.0,449854000.0,1.0,676.7,681.7,669.2,673.3,664800.0
2023-12-13,7327,4050.0,4145.0,4050.0,4135.0,0,0,122900.0,506635500.0,1.0,675.0,690.8,675.0,689.2,737400.0
2023-12-14,7327,4130.0,4155.0,4030.0,4035.0,0,0,160700.0,653061500.0,1.0,688.3,692.5,671.7,672.5,964200.0
2023-12-15,7327,4010.0,4045.0,3970.0,3990.0,0,0,156300.0,625947500.0,1.0,668.3,674.2,661.7,665.0,937800.0
2023-12-18,7327,3955.0,3975.0,3905.0,3960.0,0,0,135100.0,532986000.0,1.0,659.2,662.5,650.8,660.0,810600.0
2023-12-19,7327,3975.0,3985.0,3910.0,3920.0,0,0,145600.0,573106000.0,1.0,662.5,664.2,651.7,653.3,873600.0
2023-12-20,7327,3875.0,3905.0,3850.0,3865.0,0,0,111300.0,431104000.0,1.0,645.8,650.8,641.7,644.2,667800.0
2023-12-21,7327,3845.0,3855.0,3770.0,3775.0,0,0,120100.0,455906000.0,1.0,640.8,642.5,628.3,629.2,720600.0
2023-12-22,7327,3775.0,3820.0,3770.0,3810.0,0,0,86600.0,328446000.0,1.0,629.2,636.7,628.3,635.0,519600.0
2023-12-25,7327,3865.0,3885.0,3775.0,3785.0,0,0,62800.0,239164500.0,1.0,644.2,647.5,629.2,630.8,376800.0
2023-12-26,7327,3785.0,3795.0,3715.0,3735.0,0,0,89700.0,335916000.0,1.0,630.8,632.5,619.2,622.5,538200.0
2023-12-27,7327,3740.0,3815.0,3740.0,3815.0,0,0,167900.0,635152000.0,1.0,623.3,635.8,623.3,635.8,1007400.0
2023-12-28,7327,3825.0,3830.0,3780.0,3805.0,0,0,53500.0,203347500.0,1.0,637.5,638.3,630.0,634.2,321000.0
2023-12-29,7327,3830.0,3850.0,3805.0,3835.0,0,0,81600.0,312370500.0,1.0,638.3,641.7,634.2,639.2,489600.0
2024-01-04,7327,3840.0,3865.0,3790.0,3860.0,0,0,79600.0,305197000.0,1.0,640.0,644.2,631.7,643.3,477600.0
2024-01-05,7327,3895.0,3930.0,3875.0,3920.0,0,0,96500.0,377570500.0,1.0,649.2,655.0,645.8,653.3,579000.0
2024-01-09,7327,3920.0,3955.0,3880.0,3885.0,0,0,94200.0,367640500.0,1.0,653.3,659.2,646.7,647.5,565200.0
2024-01-10,7327,3885.0,3920.0,3865.0,3875.0,0,0,120500.0,469265000.0,1.0,647.5,653.3,644.2,645.8,723000.0
2024-01-11,7327,3915.0,3990.0,3915.0,3955.0,0,0,125500.0,497692000.0,1.0,652.5,665.0,652.5,659.2,753000.0
2024-01-12,7327,3955.0,3970.0,3900.0,3915.0,0,0,117600.0,461998500.0,1.0,659.2,661.7,650.0,652.5,705600.0
2024-01-15,7327,3915.0,3990.0,3915.0,3985.0,0,0,104200.0,413907500.0,1.0,652.5,665.0,652.5,664.2,625200.0
2024-01-16,7327,3995.0,3995.0,3915.0,3925.0,0,0,118200.0,465191500.0,1.0,665.8,665.8,652.5,654.2,709200.0
2024-01-17,7327,3955.0,3980.0,3925.0,3935.0,0,0,128400.0,508167500.0,1.0,659.2,663.3,654.2,655.8,770400.0
2024-01-18,7327,3935.0,3960.0,3915.0,3955.0,0,0,107100.0,421442000.0,1.0,655.8,660.0,652.5,659.2,642600.0
2024-01-19,7327,3975.0,3975.0,3920.0,3920.0,0,0,96100.0,378159000.0,1.0,662.5,662.5,653.3,653.3,576600.0
2024-01-22,7327,3975.0,3975.0,3935.0,3970.0,0,0,86300.0,341104000.0,1.0,662.5,662.5,655.8,661.7,517800.0
2024-01-23,7327,3970.0,3995.0,3915.0,3915.0,0,0,134900.0,531016000.0,1.0,661.7,665.8,652.5,652.5,809400.0
2024-01-24,7327,3915.0,4040.0,3905.0,4040.0,0,0,204300.0,814034500.0,1.0,652.5,673.3,650.8,673.3,1225800.0
2024-01-25,7327,4045.0,4090.0,4035.0,4055.0,0,0,158500.0,642573500.0,1.0,674.2,681.7,672.5,675.8,951000.0
2024-01-26,7327,4055.0,4070.0,4000.0,4020.0,0,0,190600.0,770548500.0,1.0,675.8,678.3,666.7,670.0,1143600.0
2024-01-29,7327,4090.0,4195.0,4050.0,4145.0,0,0,318600.0,1318431000.0,1.0,681.7,699.2,675.0,690.8,1911600.0
2024-01-30,7327,4120.0,4125.0,4065.0,4065.0,0,0,150900.0,617536000.0,1.0,686.7,687.5,677.5,677.5,905400.0
2024-01-31,7327,4085.0,4115.0,4050.0,4115.0,0,0,88300.0,361014500.0,1.0,680.8,685.8,675.0,685.8,529800.0
2024-02-01,7327,4065.0,4095.0,4050.0,4080.0,0,0,98100.0,399305000.0,1.0,677.5,682.5,675.0,680.0,588600.0
2024-02-02,7327,4075.0,4080.0,4020.0,4055.0,0,0,80200.0,324759500.0,1.0,679.2,680.0,670.0,675.8,481200.0
2024-02-05,7327,4080.0,4140.0,4060.0,4125.0,0,0,99100.0,407599500.0,1.0,680.0,690.0,676.7,687.5,594600.0
2024-02-06,7327,4100.0,4105.0,4035.0,4035.0,0,0,103500.0,420908500.0,1.0,683.3,684.2,672.5,672.5,621000.0
2024-02-07,7327,4040.0,4050.0,4010.0,4045.0,0,0,71500.0,288253000.0,1.0,673.3,675.0,668.3,674.2,429000.0
2024-02-08,7327,4025.0,4045.0,3965.0,3980.0,0,0,107400.0,428644000.0,1.0,670.8,674.2,660.8,663.3,644400.0
2024-02-09,7327,3965.0,4000.0,3915.0,3945.0,0,0,94100.0,372654500.0,1.0,660.8,666.7,652.5,657.5,564600.0
2024-02-13,7327,3980.0,4020.0,3940.0,4020.0,0,0,88000.0,350626000.0,1.0,663.3,670.0,656.7,670.0,528000.0
2024-02-14,7327,4010.0,4035.0,3990.0,4030.0,0,0,75200.0,302078000.0,1.0,668.3,672.5,665.0,671.7,451200.0
2024-02-15,7327,4050.0,4085.0,3985.0,4000.0,0,0,116400.0,469183500.0,1.0,675.0,680.8,664.2,666.7,698400.0
2024-02-16,7327,4050.0,4185.0,4030.0,4165.0,0,0,194900.0,806730500.0,1.0,675.0,697.5,671.7,694.2,1169400.0
2024-02-19,7327,4170.0,4320.0,4170.0,4305.0,0,0,158600.0,676215500.0,1.0,695.0,720.0,695.0,717.5,951600.0
2024-02-20,7327,4305.0,4340.0,4205.0,4215.0,0,0,105900.0,450759500.0,1.0,717.5,723.3,700.8,702.5,635400.0
2024-02-21,7327,4210.0,4240.0,4175.0,4215.0,0,0,71600.0,301513000.0,1.0,701.7,706.7,695.8,702.5,429600.0
2024-02-22,7327,4215.0,4260.0,4160.0,4185.0,0,0,104200.0,436500500.0,1.0,702.5,710.0,693.3,697.5,625200.0
2024-02-26,7327,4200.0,4240.0,4175.0,4210.0,0,0,83200.0,350920500.0,1.0,700.0,706.7,695.8,701.7,499200.0
2024-02-27,7327,4210.0,4315.0,4210.0,4260.0,0,0,109000.0,466017000.0,1.0,701.7,719.2,701.7,710.0,654000.0
2024-02-28,7327,4290.0,4380.0,4270.0,4315.0,0,0,119100.0,514388500.0,1.0,715.0,730.0,711.7,719.2,714600.0
2024-02-29,7327,4325.0,4355.0,4295.0,4310.0,0,0,107400.0,463685500.0,1.0,720.8,725.8,715.8,718.3,644400.0
2024-03-01,7327,4295.0,4370.0,4295.0,4360.0,0,0,75200.0,326455500.0,1.0,715.8,728.3,715.8,726.7,451200.0
2024-03-04,7327,4370.0,4370.0,4270.0,4310.0,0,0,113400.0,489095000.0,1.0,728.3,728.3,711.7,718.3,680400.0
2024-03-05,7327,4325.0,4355.0,4290.0,4340.0,0,0,66900.0,289637000.0,1.0,720.8,725.8,715.0,723.3,401400.0
2024-03-06,7327,4345.0,4360.0,4305.0,4325.0,0,0,91500.0,396016500.0,1.0,724.2,726.7,717.5,720.8,549000.0
2024-03-07,7327,4360.0,4440.0,4350.0,4430.0,0,0,110200.0,486131000.0,1.0,726.7,740.0,725.0,738.3,661200.0
2024-03-08,7327,4440.0,4595.0,4405.0,4495.0,0,0,152500.0,684150000.0,1.0,740.0,765.8,734.2,749.2,915000.0
2024-03-11,7327,4495.0,4500.0,4295.0,4360.0,0,0,151500.0,663558000.0,1.0,749.2,750.0,715.8,726.7,909000.0
2024-03-12,7327,4340.0,4365.0,4255.0,4350.0,0,0,88800.0,383260000.0,1.0,723.3,727.5,709.2,725.0,532800.0
2024-03-13,7327,4420.0,4440.0,4315.0,4375.0,0,0,88000.0,384175000.0,1.0,736.7,740.0,719.2,729.2,528000.0
2024-03-14,7327,4360.0,4390.0,4325.0,4350.0,0,0,64200.0,279347000.0,1.0,726.7,731.7,720.8,725.0,385200.0
2024-03-15,7327,4350.0,4435.0,4340.0,4425.0,0,0,108500.0,478463000.0,1.0,725.0,739.2,723.3,737.5,651000.0
2024-03-18,7327,4490.0,4490.0,4420.0,4425.0,0,0,89100.0,395999000.0,1.0,748.3,748.3,736.7,737.5,534600.0
2024-03-19,7327,4405.0,4445.0,4370.0,4395.0,0,0,112700.0,496209000.0,1.0,734.2,740.8,728.3,732.5,676200.0
2024-03-21,7327,4445.0,4605.0,4415.0,4595.0,0,0,143100.0,649526500.0,1.0,740.8,767.5,735.8,765.8,858600.0
2024-03-22,7327,4615.0,4690.0,4555.0,4670.0,0,0,116300.0,540196000.0,1.0,769.2,781.7,759.2,778.3,697800.0
2024-03-25,7327,4670.0,4670.0,4550.0,4575.0,0,0,92000.0,421574000.0,1.0,778.3,778.3,758.3,762.5,552000.0
2024-03-26,7327,4615.0,4615.0,4555.0,4565.0,0,0,59400.0,271836000.0,1.0,769.2,769.2,759.2,760.8,356400.0
2024-03-27,7327,4625.0,4655.0,4585.0,4615.0,0,0,119600.0,553277500.0,1.0,770.8,775.8,764.2,769.2,717600.0
2024-03-28,7327,4520.0,4550.0,4435.0,4440.0,0,0,112300.0,502987500.0,1.0,753.3,758.3,739.2,740.0,673800.0
2024-03-29,7327,4425.0,4470.0,4405.0,4460.0,0,0,102600.0,456042500.0,1.0,737.5,745.0,734.2,743.3,615600.0
2024-04-01,7327,4470.0,4475.0,4345.0,4345.0,0,0,83100.0,364261000.0,1.0,745.0,745.8,724.2,724.2,498600.0
2024-04-02,7327,4345.0,4365.0,4225.0,4265.0,0,0,127200.0,543385500.0,1.0,724.2,727.5,704.2,710.8,763200.0
2024-04-03,7327,4240.0,4360.0,4225.0,4305.0,0,0,86000.0,370536000.0,1.0,706.7,726.7,704.2,717.5,516000.0
2024-04-04,7327,4340.0,4370.0,4315.0,4345.0,0,0,72500.0,314853000.0,1.0,723.3,728.3,719.2,724.2,435000.0
2024-04-05,7327,4260.0,4315.0,4235.0,4315.0,0,0,82500.0,353561000.0,1.0,710.0,719.2,705.8,719.2,495000.0
2024-04-08,7327,4320.0,4360.0,4295.0,4340.0,0,0,61500.0,266538500.0,1.0,720.0,726.7,715.8,723.3,369000.0
2024-04-09,7327,4360.0,4370.0,4305.0,4340.0,0,0,68600.0,297390000.0,1.0,726.7,728.3,717.5,723.3,411600.0
2024-04-10,7327,4340.0,4365.0,4315.0,4345.0,0,0,56200.0,244434000.0,1.0,723.3,727.5,719.2,724.2,337200.0
2024-04-11,7327,4305.0,4385.0,4300.0,4385.0,0,0,58400.0,254757500.0,1.0,717.5,730.8,716.7,730.8,350400.0
2024-04-12,7327,4390.0,4425.0,4370.0,4425.0,0,0,70300.0,309506000.0,1.0,731.7,737.5,728.3,737.5,421800.0
2024-04-15,7327,4390.0,4460.0,4350.0,4460.0,0,0,66400.0,293245500.0,1.0,731.7,743.3,725.0,743.3,398400.0
2024-04-16,7327,4420.0,4470.0,4325.0,4325.0,0,0,79900.0,348957000.0,1.0,736.7,745.0,720.8,720.8,479400.0
2024-04-17,7327,4330.0,4330.0,4235.0,4255.0,0,0,88700.0,378930500.0,1.0,721.7,721.7,705.8,709.2,532200.0
2024-04-18,7327,4260.0,4395.0,4260.0,4375.0,0,0,71900.0,312500000.0,1.0,710.0,732.5,710.0,729.2,431400.0
2024-04-19,7327,4360.0,4380.0,4275.0,4330.0,0,0,79200.0,343080000.0,1.0,726.7,730.0,712.5,721.7,475200.0
2024-04-22,7327,4395.0,4445.0,4360.0,4435.0,0,0,84600.0,373043000.0,1.0,732.5,740.8,726.7,739.2,507600.0
2024-04-23,7327,4440.0,4505.0,4435.0,4485.0,0,0,66800.0,298878500.0,1.0,740.0,750.8,739.2,747.5,400800.0
2024-04-24,7327,4505.0,4510.0,4465.0,4475.0,0,0,60200.0,269977500.0,1.0,750.8,751.7,744.2,745.8,361200.0
2024-04-25,7327,4460.0,4485.0,4420.0,4420.0,0,0,49700.0,220740500.0,1.0,743.3,747.5,736.7,736.7,298200.0
2024-04-26,7327,4430.0,4540.0,4420.0,4520.0,0,0,104900.0,472028000.0,1.0,738.3,756.7,736.7,753.3,629400.0
2024-04-30,7327,4470.0,4535.0,4445.0,4525.0,0,0,68500.0,308648000.0,1.0,745.0,755.8,740.8,754.2,411000.0
2024-05-01,7327,4500.0,4525.0,4465.0,4510.0,0,0,44600.0,200790500.0,1.0,750.0,754.2,744.2,751.7,267600.0
2024-05-02,7327,4510.0,4515.0,4450.0,4485.0,0,0,37000.0,165834500.0,1.0,751.7,752.5,741.7,747.5,222000.0
2024-05-07,7327,4485.0,4495.0,4440.0,4460.0,0,0,49000.0,218817500.0,1.0,747.5,749.2,740.0,743.3,294000.0
2024-05-08,7327,4430.0,4480.0,4405.0,4465.0,0,0,80800.0,359775500.0,1.0,738.3,746.7,734.2,744.2,484800.0
2024-05-09,7327,4495.0,4550.0,4475.0,4535.0,0,0,74900.0,338230500.0,1.0,749.2,758.3,745.8,755.8,449400.0
2024-05-10,7327,4570.0,4750.0,4530.0,4540.0,0,0,324000.0,1503304000.0,1.0,761.7,791.7,755.0,756.7,1944000.0
2024-05-13,7327,4550.0,4690.0,4520.0,4660.0,0,0,143200.0,664232000.0,1.0,758.3,781.7,753.3,776.7,859200.0
2024-05-14,7327,4720.0,4780.0,4670.0,4740.0,0,0,181100.0,857266000.0,1.0,786.7,796.7,778.3,790.0,1086600.0
2024-05-15,7327,4765.0,4930.0,4765.0,4855.0,0,0,140700.0,681914000.0,1.0,794.2,821.7,794.2,809.2,844200.0
2024-05-16,7327,4855.0,4860.0,4770.0,4840.0,0,0,113600.0,548085000.0,1.0,809.2,810.0,795.0,806.7,681600.0
2024-05-17,7327,4810.0,4850.0,4780.0,4795.0,0,0,65100.0,312569500.0,1.0,801.7,808.3,796.7,799.2,390600.0
2024-05-20,7327,4800.0,4890.0,4800.0,4860.0,0,0,77700.0,377051000.0,1.0,800.0,815.0,800.0,810.0,466200.0
2024-05-21,7327,4825.0,4880.0,4805.0,4845.0,0,0,68400.0,331463000.0,1.0,804.2,813.3,800.8,807.5,410400.0
2024-05-22,7327,4855.0,4925.0,4845.0,4855.0,0,0,67500.0,329236000.0,1.0,809.2,820.8,807.5,809.2,405000.0
2024-05-23,7327,4830.0,4835.0,4755.0,4775.0,0,0,87300.0,418355500.0,1.0,805.0,805.8,792.5,795.8,523800.0
2024-05-24,7327,4715.0,4755.0,4705.0,4745.0,0,0,58400.0,276559000.0,1.0,785.8,792.5,784.2,790.8,350400.0
2024-05-27,7327,4745.0,4780.0,4725.0,4770.0,0,0,40400.0,191984500.0,1.0,790.8,796.7,787.5,795.0,242400.0
2024-05-28,7327,4785.0,4850.0,4755.0,4845.0,0,0,75900.0,365631000.0,1.0,797.5,808.3,792.5,807.5,455400.0
2024-05-29,7327,4870.0,4900.0,4845.0,4880.0,0,0,98400.0,479936500.0,1.0,811.7,816.7,807.5,813.3,590400.0
2024-05-30,7327,4850.0,4970.0,4805.0,4955.0,0,0,80000.0,393161000.0,1.0,808.3,828.3,800.8,825.8,480000.0
2024-05-31,7327,4995.0,5080.0,4995.0,5030.0,0,0,176800.0,889200500.0,1.0,832.5,846.7,832.5,838.3,1060800.0
2024-06-03,7327,5090.0,5130.0,5060.0,5130.0,0,0,66000.0,336395000.0,1.0,848.3,855.0,843.3,855.0,396000.0
2024-06-04,7327,5120.0,5120.0,4915.0,4925.0,0,0,125600.0,625465000.0,1.0,853.3,853.3,819.2,820.8,753600.0
2024-06-05,7327,4810.0,4835.0,4755.0,4790.0,0,0,131600.0,631117500.0,1.0,801.7,805.8,792.5,798.3,789600.0
2024-06-06,7327,4760.0,4820.0,4735.0,4750.0,0,0,101500.0,483886000.0,1.0,793.3,803.3,789.2,791.7,609000.0
2024-06-07,7327,4765.0,4835.0,4765.0,4805.0,0,0,73600.0,353657000.0,1.0,794.2,805.8,794.2,800.8,441600.0
2024-06-10,7327,4830.0,4915.0,4830.0,4895.0,0,0,84100.0,410509500.0,1.0,805.0,819.2,805.0,815.8,504600.0
2024-06-11,7327,4890.0,4950.0,4885.0,4885.0,0,0,68200.0,334562000.0,1.0,815.0,825.0,814.2,814.2,409200.0
2024-06-12,7327,4855.0,4925.0,4835.0,4900.0,0,0,76800.0,375101000.0,1.0,809.2,820.8,805.8,816.7,460800.0
2024-06-13,7327,4900.0,4920.0,4795.0,4800.0,0,0,72300.0,349359500.0,1.0,816.7,820.0,799.2,800.0,433800.0
2024-06-14,7327,4800.0,4860.0,4760.0,4860.0,0,0,153400.0,738749500.0,1.0,800.0,810.0,793.3,810.0,920400.0
2024-06-17,7327,4855.0,4925.0,4830.0,4900.0,0,0,105900.0,518015000.0,1.0,809.2,820.8,805.0,816.7,635400.0
2024-06-18,7327,4950.0,5010.0,4915.0,4985.0,0,0,92600.0,460467500.0,1.0,825.0,835.0,819.2,830.8,555600.0
2024-06-19,7327,4995.0,5060.0,4995.0,5010.0,0,0,75600.0,379695000.0,1.0,832.5,843.3,832.5,835.0,453600.0
2024-06-20,7327,5010.0,5080.0,4995.0,5030.0,0,0,80600.0,405114500.0,1.0,835.0,846.7,832.5,838.3,483600.0
2024-06-21,7327,5070.0,5090.0,5010.0,5010.0,0,0,142500.0,716769000.0,1.0,845.0,848.3,835.0,835.0,855000.0
2024-06-24,7327,5000.0,5120.0,5000.0,5080.0,0,0,118000.0,597711000.0,1.0,833.3,853.3,833.3,846.7,708000.0
2024-06-25,7327,5120.0,5210.0,5100.0,5130.0,0,0,91800.0,472010000.0,1.0,853.3,868.3,850.0,855.0,550800.0
2024-06-26,7327,5110.0,5180.0,5100.0,5130.0,0,0,68500.0,351650000.0,1.0,851.7,863.3,850.0,855.0,411000.0
2024-06-27,7327,5160.0,5160.0,5070.0,5110.0,0,0,65800.0,336260000.0,1.0,860.0,860.0,845.0,851.7,394800.0
2024-06-28,7327,5140.0,5160.0,5100.0,5130.0,0,0,59500.0,305167000.0,1.0,856.7,860.0,850.0,855.0,357000.0
2024-07-01,7327,5180.0,5190.0,5120.0,5190.0,0,0,61100.0,315916000.0,1.0,863.3,865.0,853.3,865.0,366600.0
2024-07-02,7327,5200.0,5310.0,5180.0,5290.0,0,0,114200.0,601709000.0,1.0,866.7,885.0,863.3,881.7,685200.0
2024-07-03,7327,5290.0,5310.0,5220.0,5230.0,0,0,74500.0,391819000.0,1.0,881.7,885.0,870.0,871.7,447000.0
2024-07-04,7327,5220.0,5240.0,5160.0,5230.0,0,0,63900.0,332630000.0,1.0,870.0,873.3,860.0,871.7,383400.0
2024-07-05,7327,5190.0,5210.0,5100.0,5100.0,0,0,79100.0,406375000.0,1.0,865.0,868.3,850.0,850.0,474600.0
2024-07-08,7327,5080.0,5080.0,4985.0,5030.0,0,0,70800.0,356302500.0,1.0,846.7,846.7,830.8,838.3,424800.0
2024-07-09,7327,5030.0,5080.0,5020.0,5020.0,0,0,73400.0,370314000.0,1.0,838.3,846.7,836.7,836.7,440400.0
2024-07-10,7327,5020.0,5080.0,5020.0,5080.0,0,0,66900.0,338269000.0,1.0,836.7,846.7,836.7,846.7,401400.0
2024-07-11,7327,5140.0,5140.0,5040.0,5070.0,0,0,69100.0,351652000.0,1.0,856.7,856.7,840.0,845.0,414600.0
2024-07-12,7327,5060.0,5170.0,5030.0,5130.0,0,0,104600.0,535729000.0,1.0,843.3,861.7,838.3,855.0,627600.0
2024-07-16,7327,5180.0,5260.0,5160.0,5210.0,0,0,104400.0,544631000.0,1.0,863.3,876.7,860.0,868.3,626400.0
2024-07-17,7327,5260.0,5300.0,5220.0,5250.0,0,0,71000.0,373716000.0,1.0,876.7,883.3,870.0,875.0,426000.0
2024-07-18,7327,5220.0,5380.0,5210.0,5310.0,0,0,125200.0,664515000.0,1.0,870.0,896.7,868.3,885.0,751200.0
2024-07-19,7327,5300.0,5300.0,5200.0,5230.0,0,0,66000.0,345766000.0,1.0,883.3,883.3,866.7,871.7,396000.0
2024-07-22,7327,5210.0,5220.0,5140.0,5140.0,0,0,59900.0,309330000.0,1.0,868.3,870.0,856.7,856.7,359400.0
2024-07-23,7327,5200.0,5250.0,5180.0,5210.0,0,0,66800.0,348533000.0,1.0,866.7,875.0,863.3,868.3,400800.0
2024-07-24,7327,5180.0,5230.0,5140.0,5150.0,0,0,64100.0,331756000.0,1.0,863.3,871.7,856.7,858.3,384600.0
2024-07-25,7327,5090.0,5130.0,5000.0,5050.0,0,0,103900.0,525838000.0,1.0,848.3,855.0,833.3,841.7,623400.0
2024-07-26,7327,5020.0,5070.0,4985.0,5030.0,0,0,73100.0,367688000.0,1.0,836.7,845.0,830.8,838.3,438600.0
2024-07-29,7327,5430.0,5790.0,5400.0,5780.0,0,0,325000.0,1841053000.0,1.0,905.0,965.0,900.0,963.3,1950000.0
2024-07-30,7327,5790.0,5940.0,5740.0,5850.0,0,0,257500.0,1506515000.0,1.0,965.0,990.0,956.7,975.0,1545000.0
2024-07-31,7327,5900.0,6060.0,5880.0,6040.0,0,0,197100.0,1176160000.0,1.0,983.3,1010.0,980.0,1006.7,1182600.0
2024-08-01,7327,6060.0,6130.0,5850.0,5860.0,0,0,202200.0,1208799000.0,1.0,1010.0,1021.7,975.0,976.7,1213200.0
2024-08-02,7327,5660.0,5680.0,5270.0,5270.0,0,0,188100.0,1030060000.0,1.0,943.3,946.7,878.3,878.3,1128600.0
2024-08-05,7327,4690.0,4705.0,4270.0,4320.0,0,1,348800.0,1587926500.0,1.0,781.7,784.2,711.7,720.0,2092800.0
2024-08-06,7327,4670.0,5010.0,4670.0,4845.0,0,0,281500.0,1365848000.0,1.0,778.3,835.0,778.3,807.5,1689000.0
2024-08-07,7327,4680.0,5030.0,4675.0,4875.0,0,0,199000.0,975370500.0,1.0,780.0,838.3,779.2,812.5,1194000.0
2024-08-08,7327,4775.0,4930.0,4700.0,4780.0,0,0,178300.0,859654500.0,1.0,795.8,821.7,783.3,796.7,1069800.0
2024-08-09,7327,4900.0,5030.0,4855.0,5010.0,0,0,174500.0,865937500.0,1.0,816.7,838.3,809.2,835.0,1047000.0
2024-08-13,7327,5020.0,5200.0,5020.0,5200.0,0,0,98900.0,508794000.0,1.0,836.7,866.7,836.7,866.7,593400.0
2024-08-14,7327,5230.0,5430.0,5230.0,5350.0,0,0,122700.0,654984000.0,1.0,871.7,905.0,871.7,891.7,736200.0
2024-08-15,7327,5400.0,5500.0,5330.0,5410.0,0,0,149100.0,809452000.0,1.0,900.0,916.7,888.3,901.7,894600.0
2024-08-16,7327,5570.0,5680.0,5520.0,5600.0,0,0,141000.0,789946000.0,1.0,928.3,946.7,920.0,933.3,846000.0
2024-08-19,7327,5600.0,5620.0,5510.0,5510.0,0,0,96600.0,537121000.0,1.0,933.3,936.7,918.3,918.3,579600.0
2024-08-20,7327,5560.0,5570.0,5470.0,5520.0,0,0,96000.0,530231000.0,1.0,926.7,928.3,911.7,920.0,576000.0
2024-08-21,7327,5480.0,5510.0,5420.0,5480.0,0,0,79600.0,434265000.0,1.0,913.3,918.3,903.3,913.3,477600.0
2024-08-22,7327,5460.0,5460.0,5340.0,5400.0,0,0,96300.0,519180000.0,1.0,910.0,910.0,890.0,900.0,577800.0
2024-08-23,7327,5400.0,5440.0,5350.0,5420.0,0,0,81000.0,437458000.0,1.0,900.0,906.7,891.7,903.3,486000.0
2024-08-26,7327,5430.0,5430.0,5300.0,5330.0,0,0,130500.0,699268000.0,1.0,905.0,905.0,883.3,888.3,783000.0
2024-08-27,7327,5390.0,5420.0,5330.0,5420.0,0,0,82200.0,442464000.0,1.0,898.3,903.3,888.3,903.3,493200.0
2024-08-28,7327,5360.0,5410.0,5350.0,5390.0,0,0,66300.0,356925000.0,1.0,893.3,901.7,891.7,898.3,397800.0
2024-08-29,7327,5420.0,5420.0,5260.0,5300.0,0,0,89300.0,474557000.0,1.0,903.3,903.3,876.7,883.3,535800.0
2024-08-30,7327,5310.0,5340.0,5220.0,5290.0,0,0,135700.0,716073000.0,1.0,885.0,890.0,870.0,881.7,814200.0
2024-09-02,7327,5340.0,5360.0,5280.0,5310.0,0,0,51100.0,271407000.0,1.0,890.0,893.3,880.0,885.0,306600.0
2024-09-03,7327,5350.0,5370.0,5320.0,5370.0,0,0,68200.0,364692000.0,1.0,891.7,895.0,886.7,895.0,409200.0
2024-09-04,7327,5200.0,5240.0,5100.0,5120.0,0,0,116600.0,602069000.0,1.0,866.7,873.3,850.0,853.3,699600.0
2024-09-05,7327,4980.0,5120.0,4965.0,5060.0,0,0,84900.0,428219500.0,1.0,830.0,853.3,827.5,843.3,509400.0
2024-09-06,7327,5100.0,5110.0,5030.0,5040.0,0,0,64300.0,325700000.0,1.0,850.0,851.7,838.3,840.0,385800.0
2024-09-09,7327,4870.0,4930.0,4795.0,4915.0,0,0,97900.0,477239000.0,1.0,811.7,821.7,799.2,819.2,587400.0
2024-09-10,7327,4925.0,4990.0,4895.0,4895.0,0,0,67300.0,331748000.0,1.0,820.8,831.7,815.8,815.8,403800.0
2024-09-11,7327,4825.0,4865.0,4745.0,4770.0,0,0,108100.0,517738000.0,1.0,804.2,810.8,790.8,795.0,648600.0
2024-09-12,7327,4840.0,4925.0,4820.0,4865.0,0,0,75000.0,364870000.0,1.0,806.7,820.8,803.3,810.8,450000.0
2024-09-13,7327,4865.0,4905.0,4815.0,4815.0,0,0,98500.0,477961500.0,1.0,810.8,817.5,802.5,802.5,591000.0
2024-09-17,7327,4850.0,4885.0,4655.0,4750.0,0,0,126100.0,596434500.0,1.0,808.3,814.2,775.8,791.7,756600.0
2024-09-18,7327,4820.0,4855.0,4780.0,4825.0,0,0,67700.0,326149500.0,1.0,803.3,809.2,796.7,804.2,406200.0
2024-09-19,7327,4890.0,4930.0,4880.0,4905.0,0,0,82800.0,405751500.0,1.0,815.0,821.7,813.3,817.5,496800.0
2024-09-20,7327,4945.0,4960.0,4850.0,4855.0,0,0,132700.0,648336000.0,1.0,824.2,826.7,808.3,809.2,796200.0
2024-09-24,7327,4880.0,4880.0,4800.0,4800.0,0,0,97400.0,470250000.0,1.0,813.3,813.3,800.0,800.0,584400.0
2024-09-25,7327,4770.0,4785.0,4720.0,4720.0,0,0,129000.0,611582500.0,1.0,795.0,797.5,786.7,786.7,774000.0
2024-09-26,7327,4770.0,4855.0,4700.0,4850.0,0,0,166300.0,796610000.0,1.0,795.0,809.2,783.3,808.3,997800.0
2024-09-27,7327,2380.0,2422.0,2357.0,2383.0,0,0,189000.0,449963000.0,0.5,793.3,807.3,785.7,794.3,567000.0
2024-09-30,7327,2383.0,2422.0,2336.0,2351.0,0,0,276300.0,654315100.0,1.0,794.3,807.3,778.7,783.7,828900.0
2024-10-01,7327,2375.0,2449.0,2350.0,2439.0,0,0,187300.0,453821400.0,1.0,791.7,816.3,783.3,813.0,561900.0
2024-10-02,7327,2389.0,2437.0,2376.0,2387.0,0,0,185100.0,444896300.0,1.0,796.3,812.3,792.0,795.7,555300.0
2024-10-03,7327,2440.0,2444.0,2387.0,2389.0,0,0,129900.0,312546200.0,1.0,813.3,814.7,795.7,796.3,389700.0
2024-10-04,7327,2420.0,2442.0,2401.0,2406.0,0,0,169500.0,409362400.0,1.0,806.7,814.0,800.3,802.0,508500.0
2024-10-07,7327,2471.0,2530.0,2458.0,2507.0,0,0,238100.0,594846700.0,1.0,823.7,843.3,819.3,835.7,714300.0
2024-10-08,7327,2460.0,2463.0,2390.0,2409.0,0,0,211600.0,511003500.0,1.0,820.0,821.0,796.7,803.0,634800.0
2024-10-09,7327,2420.0,2442.0,2382.0,2382.0,0,0,117900.0,282477300.0,1.0,806.7,814.0,794.0,794.0,353700.0
2024-10-10,7327,2406.0,2409.0,2386.0,2397.0,0,0,74500.0,178469700.0,1.0,802.0,803.0,795.3,799.0,223500.0
2024-10-11,7327,2419.0,2433.0,2408.0,2415.0,0,0,110800.0,267831800.0,1.0,806.3,811.0,802.7,805.0,332400.0
2024-10-15,7327,2464.0,2489.0,2451.0,2475.0,0,0,140800.0,348309000.0,1.0,821.3,829.7,817.0,825.0,422400.0
2024-10-16,7327,2443.0,2520.0,2430.0,2470.0,0,0,116800.0,289847800.0,1.0,814.3,840.0,810.0,823.3,350400.0
2024-10-17,7327,2485.0,2498.0,2467.0,2467.0,0,0,76400.0,189195300.0,1.0,828.3,832.7,822.3,822.3,229200.0
2024-10-18,7327,2497.0,2498.0,2460.0,2474.0,0,0,87500.0,216792600.0,1.0,832.3,832.7,820.0,824.7,262500.0
2024-10-21,7327,2462.0,2463.0,2421.0,2425.0,0,0,74200.0,180631000.0,1.0,820.7,821.0,807.0,808.3,222600.0
2024-10-22,7327,2412.0,2417.0,2380.0,2403.0,0,0,109600.0,262940200.0,1.0,804.0,805.7,793.3,801.0,328800.0
2024-10-23,7327,2400.0,2410.0,2377.0,2377.0,0,0,78800.0,188255200.0,1.0,800.0,803.3,792.3,792.3,236400.0
2024-10-24,7327,2367.0,2387.0,2346.0,2377.0,0,0,104700.0,248243000.0,1.0,789.0,795.7,782.0,792.3,314100.0
2024-10-25,7327,2370.0,2386.0,2351.0,2376.0,0,0,134400.0,318512400.0,1.0,790.0,795.3,783.7,792.0,403200.0
2024-10-28,7327,2358.0,2419.0,2356.0,2410.0,0,0,136300.0,326536600.0,1.0,786.0,806.3,785.3,803.3,408900.0
2024-10-29,7327,2428.0,2470.0,2410.0,2458.0,0,0,119800.0,294282900.0,1.0,809.3,823.3,803.3,819.3,359400.0
2024-10-30,7327,2478.0,2493.0,2459.0,2469.0,0,0,242400.0,599049700.0,1.0,826.0,831.0,819.7,823.0,727200.0
2024-10-31,7327,2471.0,2485.0,2442.0,2449.0,0,0,101000.0,247726400.0,1.0,823.7,828.3,814.0,816.3,303000.0
2024-11-01,7327,2425.0,2462.0,2421.0,2432.0,0,0,78500.0,191032900.0,1.0,808.3,820.7,807.0,810.7,235500.0
2024-11-05,7327,2435.0,2446.0,2405.0,2429.0,0,0,76200.0,185167500.0,1.0,811.7,815.3,801.7,809.7,228600.0
2024-11-06,7327,2455.0,2537.0,2452.0,2537.0,0,0,182700.0,458858400.0,1.0,818.3,845.7,817.3,845.7,548100.0
2024-11-07,7327,2573.0,2605.0,2539.0,2560.0,0,0,229800.0,589457900.0,1.0,857.7,868.3,846.3,853.3,689400.0
2024-11-08,7327,2587.0,2812.0,2480.0,2652.0,0,0,500700.0,1348173200.0,1.0,862.3,937.3,826.7,884.0,1502100.0
2024-11-11,7327,2654.0,2745.0,2652.0,2733.0,0,0,260800.0,708469900.0,1.0,884.7,915.0,884.0,911.0,782400.0
2024-11-12,7327,2740.0,2773.0,2658.0,2680.0,0,0,187600.0,505519000.0,1.0,913.3,924.3,886.0,893.3,562800.0
2024-11-13,7327,2699.0,2715.0,2656.0,2676.0,0,0,188900.0,506546200.0,1.0,899.7,905.0,885.3,892.0,566700.0
2024-11-14,7327,2680.0,2725.0,2656.0,2705.0,0,0,145200.0,392352800.0,1.0,893.3,908.3,885.3,901.7,435600.0
2024-11-15,7327,2741.0,2742.0,2696.0,2711.0,0,0,125900.0,342135500.0,1.0,913.7,914.0,898.7,903.7,377700.0
2024-11-18,7327,2730.0,2748.0,2707.0,2722.0,0,0,122700.0,334082700.0,1.0,910.0,916.0,902.3,907.3,368100.0
2024-11-19,7327,2732.0,2746.0,2700.0,2740.0,0,0,102000.0,278425800.0,1.0,910.7,915.3,900.0,913.3,306000.0
2024-11-20,7327,2740.0,2740.0,2694.0,2714.0,0,0,123600.0,335091300.0,1.0,913.3,913.3,898.0,904.7,370800.0
2024-11-21,7327,2712.0,2742.0,2712.0,2740.0,0,0,104400.0,285432600.0,1.0,904.0,914.0,904.0,913.3,313200.0
2024-11-22,7327,2743.0,2762.0,2733.0,2754.0,0,0,134900.0,370975600.0,1.0,914.3,920.7,911.0,918.0,404700.0
2024-11-25,7327,2782.0,2834.0,2780.0,2821.0,0,0,218200.0,613706100.0,1.0,927.3,944.7,926.7,940.3,654600.0
2024-11-26,7327,2821.0,2827.0,2759.0,2786.0,0,0,114600.0,319462400.0,1.0,940.3,942.3,919.7,928.7,343800.0
2024-11-27,7327,2760.0,2774.0,2734.0,2762.0,0,0,130900.0,360387500.0,1.0,920.0,924.7,911.3,920.7,392700.0
2024-11-28,7327,2736.0,2786.0,2736.0,2775.0,0,0,91600.0,253468900.0,1.0,912.0,928.7,912.0,925.0,274800.0
2024-11-29,7327,2776.0,2819.0,2772.0,2814.0,0,0,128100.0,359009000.0,1.0,925.3,939.7,924.0,938.0,384300.0
2024-12-02,7327,2840.0,2884.0,2814.0,2867.0,0,0,205300.0,586496200.0,1.0,946.7,961.3,938.0,955.7,615900.0
2024-12-03,7327,2898.0,2927.0,2881.0,2893.0,0,0,192900.0,560121400.0,1.0,966.0,975.7,960.3,964.3,578700.0
2024-12-04,7327,2892.0,2905.0,2843.0,2843.0,0,0,111500.0,319715600.0,1.0,964.0,968.3,947.7,947.7,334500.0
2024-12-05,7327,2856.0,2884.0,2822.0,2873.0,0,0,121700.0,347790800.0,1.0,952.0,961.3,940.7,957.7,365100.0
2024-12-06,7327,2873.0,2890.0,2851.0,2869.0,0,0,82700.0,237142400.0,1.0,957.7,963.3,950.3,956.3,248100.0
2024-12-09,7327,2894.0,2914.0,2863.0,2891.0,0,0,206300.0,596486700.0,1.0,964.7,971.3,954.3,963.7,618900.0
2024-12-10,7327,2920.0,2930.0,2885.0,2886.0,0,0,118500.0,343307300.0,1.0,973.3,976.7,961.7,962.0,355500.0
2024-12-11,7327,2886.0,2916.0,2884.0,2907.0,0,0,149400.0,433559400.0,1.0,962.0,972.0,961.3,969.0,448200.0
2024-12-12,7327,2932.0,2986.0,2931.0,2970.0,0,0,202600.0,600626900.0,1.0,977.3,995.3,977.0,990.0,607800.0
2024-12-13,7327,2934.0,2964.0,2888.0,2918.0,0,0,218500.0,638297300.0,1.0,978.0,988.0,962.7,972.7,655500.0
2024-12-16,7327,2910.0,2916.0,2867.0,2902.0,0,0,110700.0,320570700.0,1.0,970.0,972.0,955.7,967.3,332100.0
2024-12-17,7327,2902.0,2920.0,2860.0,2871.0,0,0,102300.0,294144700.0,1.0,967.3,973.3,953.3,957.0,306900.0
2024-12-18,7327,2852.0,2880.0,2836.0,2870.0,0,0,88000.0,251808900.0,1.0,950.7,960.0,945.3,956.7,264000.0
2024-12-19,7327,2800.0,2872.0,2791.0,2851.0,0,0,191700.0,543882800.0,1.0,933.3,957.3,930.3,950.3,575100.0
2024-12-20,7327,2865.0,2865.0,2822.0,2826.0,0,0,184500.0,523374100.0,1.0,955.0,955.0,940.7,942.0,553500.0
2024-12-23,7327,2860.0,2902.0,2845.0,2891.0,0,0,156500.0,451657400.0,1.0,953.3,967.3,948.3,963.7,469500.0
2024-12-24,7327,2909.0,2914.0,2885.0,2900.0,0,0,112700.0,326920000.0,1.0,969.7,971.3,961.7,966.7,338100.0
2024-12-25,7327,2914.0,2914.0,2861.0,2886.0,0,0,70600.0,203399700.0,1.0,971.3,971.3,953.7,962.0,211800.0
2024-12-26,7327,2885.0,2885.0,2857.0,2885.0,0,0,103700.0,298518800.0,1.0,961.7,961.7,952.3,961.7,311100.0
2024-12-27,7327,2904.0,2910.0,2888.0,2906.0,0,0,89500.0,259638600.0,1.0,968.0,970.0,962.7,968.7,268500.0
2024-12-30,7327,2910.0,2944.0,2888.0,2890.0,0,0,83700.0,242993400.0,1.0,970.0,981.3,962.7,963.3,251100.0
2025-01-06,7327,2906.0,2910.0,2883.0,2897.0,0,0,123600.0,357818500.0,1.0,968.7,970.0,961.0,965.7,370800.0
2025-01-07,7327,2928.0,2931.0,2895.0,2919.0,0,0,139400.0,406381200.0,1.0,976.0,977.0,965.0,973.0,418200.0
2025-01-08,7327,2903.0,2944.0,2902.0,2938.0,0,0,152200.0,446063000.0,1.0,967.7,981.3,967.3,979.3,456600.0
2025-01-09,7327,2911.0,2915.0,2865.0,2865.0,0,0,171800.0,495720400.0,1.0,970.3,971.7,955.0,955.0,515400.0
2025-01-10,7327,2855.0,2877.0,2820.0,2824.0,0,0,122700.0,347470800.0,1.0,951.7,959.0,940.0,941.3,368100.0
2025-01-14,7327,2820.0,2840.0,2791.0,2806.0,0,0,154800.0,434648300.0,1.0,940.0,946.7,930.3,935.3,464400.0
2025-01-15,7327,2819.0,2872.0,2816.0,2872.0,0,0,110700.0,315910400.0,1.0,939.7,957.3,938.7,957.3,332100.0
2025-01-16,7327,2888.0,2909.0,2873.0,2895.0,0,0,131400.0,380034100.0,1.0,962.7,969.7,957.7,965.0,394200.0
2025-01-17,7327,2860.0,2894.0,2826.0,2886.0,0,0,125000.0,358769100.0,1.0,953.3,964.7,942.0,962.0,375000.0
2025-01-20,7327,2909.0,2914.0,2887.0,2911.0,0,0,93500.0,271559900.0,1.0,969.7,971.3,962.3,970.3,280500.0
2025-01-21,7327,2943.0,2953.0,2890.0,2904.0,0,0,99500.0,289855500.0,1.0,981.0,984.3,963.3,968.0,298500.0
2025-01-22,7327,2925.0,2925.0,2873.0,2891.0,0,0,169200.0,489156400.0,1.0,975.0,975.0,957.7,963.7,507600.0
2025-01-23,7327,2879.0,2881.0,2857.0,2864.0,0,0,157800.0,452259900.0,1.0,959.7,960.3,952.3,954.7,473400.0
2025-01-24,7327,2863.0,2889.0,2826.0,2862.0,0,0,156600.0,448140500.0,1.0,954.3,963.0,942.0,954.0,469800.0
2025-01-27,7327,2883.0,2914.0,2881.0,2890.0,0,0,140900.0,408165700.0,1.0,961.0,971.3,960.3,963.3,422700.0
2025-01-28,7327,2881.0,2931.0,2881.0,2925.0,0,0,207200.0,603906300.0,1.0,960.3,977.0,960.3,975.0,621600.0
2025-01-29,7327,2945.0,2982.0,2913.0,2966.0,0,0,155500.0,459751000.0,1.0,981.7,994.0,971.0,988.7,466500.0
2025-01-30,7327,2959.0,2993.0,2945.0,2989.0,0,0,144900.0,431564500.0,1.0,986.3,997.7,981.7,996.3,434700.0
2025-01-31,7327,3020.0,3025.0,2988.0,3015.0,0,0,142500.0,428497700.0,1.0,1006.7,1008.3,996.0,1005.0,427500.0
2025-02-03,7327,2898.0,2927.0,2800.0,2812.0,0,0,596700.0,1699468200.0,1.0,966.0,975.7,933.3,937.3,1790100.0
2025-02-04,7327,2862.0,2871.0,2807.0,2831.0,0,0,290900.0,826321400.0,1.0,954.0,957.0,935.7,943.7,872700.0
2025-02-05,7327,2860.0,2880.0,2817.0,2825.0,0,0,157000.0,445872300.0,1.0,953.3,960.0,939.0,941.7,471000.0
2025-02-06,7327,2854.0,2858.0,2801.0,2819.0,0,0,195600.0,551406300.0,1.0,951.3,952.7,933.7,939.7,586800.0
2025-02-07,7327,2816.0,2835.0,2792.0,2813.0,0,0,152600.0,429473700.0,1.0,938.7,945.0,930.7,937.7,457800.0
2025-02-10,7327,2811.0,2817.0,2796.0,2796.0,0,0,94400.0,264449500.0,1.0,937.0,939.0,932.0,932.0,283200.0
2025-02-12,7327,2822.0,2830.0,2800.0,2806.0,0,0,88600.0,248825800.0,1.0,940.7,943.3,933.3,935.3,265800.0
2025-02-13,7327,2815.0,2839.0,2812.0,2825.0,0,0,151400.0,427572900.0,1.0,938.3,946.3,937.3,941.7,454200.0
2025-02-14,7327,2818.0,2843.0,2811.0,2838.0,0,0,100700.0,285015700.0,1.0,939.3,947.7,937.0,946.0,302100.0
2025-02-17,7327,2842.0,2868.0,2842.0,2858.0,0,0,96800.0,276694900.0,1.0,947.3,956.0,947.3,952.7,290400.0
2025-02-18,7327,2870.0,2890.0,2837.0,2872.0,0,0,122800.0,352073200.0,1.0,956.7,963.3,945.7,957.3,368400.0
2025-02-19,7327,2890.0,2902.0,2810.0,2811.0,0,0,173200.0,493994400.0,1.0,963.3,967.3,936.7,937.0,519600.0
2025-02-20,7327,2817.0,2828.0,2769.0,2805.0,0,0,255300.0,713653700.0,1.0,939.0,942.7,923.0,935.0,765900.0
2025-02-21,7327,2770.0,2795.0,2762.0,2780.0,0,0,185300.0,514992400.0,1.0,923.3,931.7,920.7,926.7,555900.0
2025-02-25,7327,2750.0,2780.0,2742.0,2762.0,0,0,188000.0,518081700.0,1.0,916.7,926.7,914.0,920.7,564000.0
2025-02-26,7327,2755.0,2779.0,2753.0,2769.0,0,0,142400.0,393568900.0,1.0,918.3,926.3,917.7,923.0,427200.0
2025-02-27,7327,2780.0,2802.0,2742.0,2763.0,0,0,173000.0,477522900.0,1.0,926.7,934.0,914.0,921.0,519000.0
2025-02-28,7327,2749.0,2767.0,2728.0,2728.0,0,0,273400.0,747874700.0,1.0,916.3,922.3,909.3,909.3,820200.0
2025-03-03,7327,2765.0,2780.0,2735.0,2767.0,0,0,146700.0,404556800.0,1.0,921.7,926.7,911.7,922.3,440100.0
2025-03-04,7327,2754.0,2772.0,2724.0,2739.0,0,0,124100.0,340162000.0,1.0,918.0,924.0,908.0,913.0,372300.0
2025-03-05,7327,2739.0,2767.0,2735.0,2755.0,0,0,135800.0,373855800.0,1.0,913.0,922.3,911.7,918.3,407400.0
2025-03-06,7327,2770.0,2834.0,2770.0,2834.0,0,0,169000.0,475758700.0,1.0,923.3,944.7,923.3,944.7,507000.0
2025-03-07,7327,2800.0,2835.0,2771.0,2828.0,0,0,192900.0,543112700.0,1.0,933.3,945.0,923.7,942.7,578700.0
2025-03-10,7327,2828.0,2835.0,2755.0,2755.0,0,0,204200.0,567504700.0,1.0,942.7,945.0,918.3,918.3,612600.0
2025-03-11,7327,2719.0,2719.0,2651.0,2692.0,0,0,383300.0,1031547000.0,1.0,906.3,906.3,883.7,897.3,1149900.0
2025-03-12,7327,2720.0,2822.0,2720.0,2793.0,0,0,354400.0,986691200.0,1.0,906.7,940.7,906.7,931.0,1063200.0
2025-03-13,7327,2798.0,2820.0,2775.0,2793.0,0,0,179400.0,501527000.0,1.0,932.7,940.0,925.0,931.0,538200.0
2025-03-14,7327,2806.0,3015.0,2801.0,3005.0,0,0,571400.0,1673302100.0,1.0,935.3,1005.0,933.7,1001.7,1714200.0
2025-03-17,7327,3140.0,3295.0,3140.0,3250.0,0,0,759100.0,2441859000.0,1.0,1046.7,1098.3,1046.7,1083.3,2277300.0
2025-03-18,7327,3250.0,3325.0,3220.0,3280.0,0,0,510400.0,1671281500.0,1.0,1083.3,1108.3,1073.3,1093.3,1531200.0
2025-03-19,7327,3280.0,3315.0,3255.0,3280.0,0,0,207600.0,681195500.0,1.0,1093.3,1105.0,1085.0,1093.3,622800.0
2025-03-21,7327,3270.0,3415.0,3270.0,3385.0,0,0,436100.0,1466139500.0,1.0,1090.0,1138.3,1090.0,1128.3,1308300.0
2025-03-24,7327,3380.0,3380.0,3300.0,3310.0,0,0,220100.0,730390000.0,1.0,1126.7,1126.7,1100.0,1103.3,660300.0
2025-03-25,7327,3320.0,3340.0,3230.0,3240.0,0,0,212400.0,692528000.0,1.0,1106.7,1113.3,1076.7,1080.0,637200.0
2025-03-26,7327,3270.0,3350.0,3220.0,3295.0,0,0,305900.0,1005366000.0,1.0,1090.0,1116.7,1073.3,1098.3,917700.0
2025-03-27,7327,3275.0,3365.0,3265.0,3350.0,0,0,364600.0,1213298000.0,1.0,1091.7,1121.7,1088.3,1116.7,1093800.0
2025-03-28,7327,3280.0,3310.0,3220.0,3230.0,0,0,211300.0,686556500.0,1.0,1093.3,1103.3,1073.3,1076.7,633900.0
2025-03-31,7327,3150.0,3180.0,3085.0,3155.0,0,0,205900.0,648411500.0,1.0,1050.0,1060.0,1028.3,1051.7,617700.0
2025-04-01,7327,3200.0,3205.0,3125.0,3135.0,0,0,172500.0,544959500.0,1.0,1066.7,1068.3,1041.7,1045.0,517500.0
2025-04-02,7327,3125.0,3125.0,3060.0,3090.0,0,0,151000.0,466246000.0,1.0,1041.7,1041.7,1020.0,1030.0,453000.0
2025-04-03,7327,2901.0,2953.0,2846.0,2882.0,0,0,469200.0,1353025200.0,1.0,967.0,984.3,948.7,960.7,1407600.0
2025-04-04,7327,2752.0,2761.0,2577.0,2689.0,0,0,491600.0,1304784700.0,1.0,917.3,920.3,859.0,896.3,1474800.0
2025-04-07,7327,2340.0,2498.0,2303.0,2420.0,0,0,418800.0,1006883300.0,1.0,780.0,832.7,767.7,806.7,1256400.0
2025-04-08,7327,2600.0,2718.0,2600.0,2673.0,0,0,277000.0,737280800.0,1.0,866.7,906.0,866.7,891.0,831000.0
2025-04-09,7327,2600.0,2619.0,2512.0,2573.0,0,0,287300.0,738190700.0,1.0,866.7,873.0,837.3,857.7,861900.0
2025-04-10,7327,2873.0,2873.0,2747.0,2774.0,0,0,306900.0,856088700.0,1.0,957.7,957.7,915.7,924.7,920700.0
2025-04-11,7327,2636.0,2708.0,2602.0,2690.0,0,0,241900.0,643402700.0,1.0,878.7,902.7,867.3,896.7,725700.0
2025-04-14,7327,2700.0,2776.0,2683.0,2750.0,0,0,159200.0,436175200.0,1.0,900.0,925.3,894.3,916.7,477600.0
2025-04-15,7327,2760.0,2798.0,2743.0,2759.0,0,0,167400.0,463556000.0,1.0,920.0,932.7,914.3,919.7,502200.0
2025-04-16,7327,2809.0,2825.0,2733.0,2746.0,0,0,182900.0,505481000.0,1.0,936.3,941.7,911.0,915.3,548700.0
2025-04-17,7327,2763.0,2811.0,2740.0,2811.0,0,0,133300.0,370911700.0,1.0,921.0,937.0,913.3,937.0,399900.0
2025-04-18,7327,2839.0,2890.0,2835.0,2890.0,0,0,168900.0,484767700.0,1.0,946.3,963.3,945.0,963.3,506700.0
2025-04-21,7327,2868.0,2875.0,2841.0,2860.0,0,0,107200.0,306904700.0,1.0,956.0,958.3,947.0,953.3,321600.0
2025-04-22,7327,2866.0,2892.0,2850.0,2892.0,0,0,123900.0,356274800.0,1.0,955.3,964.0,950.0,964.0,371700.0
2025-04-23,7327,2938.0,2976.0,2920.0,2948.0,0,0,225100.0,664321700.0,1.0,979.3,992.0,973.3,982.7,675300.0
2025-04-24,7327,3025.0,3110.0,3015.0,3040.0,0,0,455600.0,1393996500.0,1.0,1008.3,1036.7,1005.0,1013.3,1366800.0
2025-04-25,7327,3060.0,3080.0,3005.0,3025.0,0,0,285000.0,866118000.0,1.0,1020.0,1026.7,1001.7,1008.3,855000.0
2025-04-28,7327,3030.0,3060.0,3025.0,3040.0,0,0,145800.0,443145000.0,1.0,1010.0,1020.0,1008.3,1013.3,437400.0
2025-04-30,7327,3085.0,3110.0,3050.0,3110.0,0,0,226200.0,699229000.0,1.0,1028.3,1036.7,1016.7,1036.7,678600.0
2025-05-01,7327,3090.0,3100.0,2990.0,2990.0,0,0,193900.0,585990000.0,1.0,1030.0,1033.3,996.7,996.7,581700.0
2025-05-02,7327,3040.0,3040.0,2926.0,2969.0,0,0,317800.0,946664300.0,1.0,1013.3,1013.3,975.3,989.7,953400.0
2025-05-07,7327,2963.0,3015.0,2936.0,3000.0,0,0,171300.0,511257700.0,1.0,987.7,1005.0,978.7,1000.0,513900.0
2025-05-08,7327,2971.0,2983.0,2950.0,2970.0,0,0,154700.0,458333600.0,1.0,990.3,994.3,983.3,990.0,464100.0
2025-05-09,7327,3000.0,3260.0,2995.0,3185.0,0,0,571800.0,1795575200.0,1.0,1000.0,1086.7,998.3,1061.7,1715400.0
2025-05-12,7327,3235.0,3300.0,3205.0,3265.0,0,0,268300.0,872165500.0,1.0,1078.3,1100.0,1068.3,1088.3,804900.0
2025-05-13,7327,3370.0,3385.0,3300.0,3300.0,0,0,224200.0,747862500.0,1.0,1123.3,1128.3,1100.0,1100.0,672600.0
2025-05-14,7327,3340.0,3385.0,3315.0,3365.0,0,0,197500.0,661304000.0,1.0,1113.3,1128.3,1105.0,1121.7,592500.0
2025-05-15,7327,3330.0,3360.0,3265.0,3265.0,0,0,179900.0,591733500.0,1.0,1110.0,1120.0,1088.3,1088.3,539700.0
2025-05-16,7327,3290.0,3305.0,3190.0,3260.0,0,0,226900.0,738923500.0,1.0,1096.7,1101.7,1063.3,1086.7,680700.0
2025-05-19,7327,3220.0,3340.0,3220.0,3325.0,0,0,188300.0,621303000.0,1.0,1073.3,1113.3,1073.3,1108.3,564900.0
2025-05-20,7327,3335.0,3370.0,3295.0,3320.0,0,0,171700.0,570873500.0,1.0,1111.7,1123.3,1098.3,1106.7,515100.0
2025-05-21,7327,3340.0,3415.0,3325.0,3370.0,0,0,205800.0,696217500.0,1.0,1113.3,1138.3,1108.3,1123.3,617400.0
2025-05-22,7327,3335.0,3360.0,3300.0,3305.0,0,0,171800.0,570360500.0,1.0,1111.7,1120.0,1100.0,1101.7,515400.0
2025-05-23,7327,3335.0,3395.0,3300.0,3350.0,0,0,188100.0,633030500.0,1.0,1111.7,1131.7,1100.0,1116.7,564300.0
2025-05-26,7327,3355.0,3365.0,3290.0,3300.0,0,0,133900.0,443264000.0,1.0,1118.3,1121.7,1096.7,1100.0,401700.0
2025-05-27,7327,3280.0,3320.0,3280.0,3305.0,0,0,95300.0,314518500.0,1.0,1093.3,1106.7,1093.3,1101.7,285900.0
2025-05-28,7327,3340.0,3355.0,3290.0,3300.0,0,0,114600.0,379625000.0,1.0,1113.3,1118.3,1096.7,1100.0,343800.0
2025-05-29,7327,3315.0,3370.0,3300.0,3345.0,0,0,127700.0,427207500.0,1.0,1105.0,1123.3,1100.0,1115.0,383100.0
2025-05-30,7327,3300.0,3350.0,3295.0,3325.0,0,0,127400.0,423268500.0,1.0,1100.0,1116.7,1098.3,1108.3,382200.0
2025-06-02,7327,3310.0,3400.0,3305.0,3400.0,0,0,148500.0,501058000.0,1.0,1103.3,1133.3,1101.7,1133.3,445500.0
2025-06-03,7327,3400.0,3405.0,3345.0,3345.0,0,0,131800.0,443844000.0,1.0,1133.3,1135.0,1115.0,1115.0,395400.0
2025-06-04,7327,3335.0,3395.0,3335.0,3370.0,0,0,96700.0,325775500.0,1.0,1111.7,1131.7,1111.7,1123.3,290100.0
2025-06-05,7327,3330.0,3345.0,3305.0,3335.0,0,0,106800.0,355073500.0,1.0,1110.0,1115.0,1101.7,1111.7,320400.0
2025-06-06,7327,3325.0,3345.0,3310.0,3320.0,0,0,84600.0,281341500.0,1.0,1108.3,1115.0,1103.3,1106.7,253800.0
2025-06-09,7327,3340.0,3350.0,3315.0,3335.0,0,0,98000.0,326344000.0,1.0,1113.3,1116.7,1105.0,1111.7,294000.0
2025-06-10,7327,3325.0,3360.0,3285.0,3305.0,0,0,143400.0,475805500.0,1.0,1108.3,1120.0,1095.0,1101.7,430200.0
2025-06-11,7327,3300.0,3305.0,3265.0,3290.0,0,0,142200.0,467756000.0,1.0,1100.0,1101.7,1088.3,1096.7,426600.0
2025-06-12,7327,3300.0,3315.0,3285.0,3300.0,0,0,116100.0,383011000.0,1.0,1100.0,1105.0,1095.0,1100.0,348300.0
2025-06-13,7327,3295.0,3295.0,3230.0,3275.0,0,0,155700.0,509348500.0,1.0,1098.3,1098.3,1076.7,1091.7,467100.0
2025-06-16,7327,3280.0,3305.0,3275.0,3305.0,0,0,91600.0,301655000.0,1.0,1093.3,1101.7,1091.7,1101.7,274800.0
2025-06-17,7327,3290.0,3325.0,3280.0,3310.0,0,0,100200.0,331095500.0,1.0,1096.7,1108.3,1093.3,1103.3,300600.0
2025-06-18,7327,3285.0,3300.0,3250.0,3295.0,0,0,141300.0,463592000.0,1.0,1095.0,1100.0,1083.3,1098.3,423900.0
2025-06-19,7327,3300.0,3305.0,3265.0,3270.0,0,0,73400.0,240744500.0,1.0,1100.0,1101.7,1088.3,1090.0,220200.0
2025-06-20,7327,3275.0,3315.0,3265.0,3290.0,0,0,338000.0,1111978000.0,1.0,1091.7,1105.0,1088.3,1096.7,1014000.0
2025-06-23,7327,3270.0,3285.0,3245.0,3270.0,0,0,97900.0,319786000.0,1.0,1090.0,1095.0,1081.7,1090.0,293700.0
2025-06-24,7327,3300.0,3310.0,3275.0,3295.0,0,0,120400.0,396359500.0,1.0,1100.0,1103.3,1091.7,1098.3,361200.0
2025-06-25,7327,3305.0,3305.0,3250.0,3285.0,0,0,102700.0,336324000.0,1.0,1101.7,1101.7,1083.3,1095.0,308100.0
2025-06-26,7327,3285.0,3335.0,3285.0,3335.0,0,0,168100.0,558619500.0,1.0,1095.0,1111.7,1095.0,1111.7,504300.0
2025-06-27,7327,3335.0,3380.0,3335.0,3355.0,0,0,174700.0,586215500.0,1.0,1111.7,1126.7,1111.7,1118.3,524100.0
2025-06-30,7327,3370.0,3375.0,3335.0,3335.0,0,0,141400.0,473672500.0,1.0,1123.3,1125.0,1111.7,1111.7,424200.0
2025-07-01,7327,3320.0,3375.0,3280.0,3370.0,0,0,199500.0,665300000.0,1.0,1106.7,1125.0,1093.3,1123.3,598500.0
2025-07-02,7327,3370.0,3405.0,3360.0,3400.0,0,0,158100.0,535801000.0,1.0,1123.3,1135.0,1120.0,1133.3,474300.0
2025-07-03,7327,3395.0,3400.0,3360.0,3370.0,0,0,99700.0,336872500.0,1.0,1131.7,1133.3,1120.0,1123.3,299100.0
2025-07-04,7327,3405.0,3465.0,3400.0,3460.0,0,0,153700.0,527959500.0,1.0,1135.0,1155.0,1133.3,1153.3,461100.0
2025-07-07,7327,3465.0,3475.0,3405.0,3420.0,0,0,150700.0,516078500.0,1.0,1155.0,1158.3,1135.0,1140.0,452100.0
2025-07-08,7327,3410.0,3440.0,3390.0,3430.0,0,0,139900.0,478976500.0,1.0,1136.7,1146.7,1130.0,1143.3,419700.0
2025-07-09,7327,3435.0,3490.0,3410.0,3470.0,0,0,151200.0,523192000.0,1.0,1145.0,1163.3,1136.7,1156.7,453600.0
2025-07-10,7327,3465.0,3480.0,3450.0,3465.0,0,0,144000.0,498873000.0,1.0,1155.0,1160.0,1150.0,1155.0,432000.0
2025-07-11,7327,3495.0,3585.0,3490.0,3520.0,0,0,181100.0,640702000.0,1.0,1165.0,1195.0,1163.3,1173.3,543300.0
2025-07-14,7327,3510.0,3535.0,3465.0,3515.0,0,0,130600.0,457896500.0,1.0,1170.0,1178.3,1155.0,1171.7,391800.0
2025-07-15,7327,3530.0,3565.0,3510.0,3525.0,0,0,127300.0,449536500.0,1.0,1176.7,1188.3,1170.0,1175.0,381900.0
2025-07-16,7327,3510.0,3535.0,3485.0,3515.0,0,0,112600.0,395232000.0,1.0,1170.0,1178.3,1161.7,1171.7,337800.0
2025-07-17,7327,3500.0,3560.0,3495.0,3550.0,0,0,94600.0,334823500.0,1.0,1166.7,1186.7,1165.0,1183.3,283800.0
2025-07-18,7327,3575.0,3585.0,3545.0,3555.0,0,0,98800.0,351656000.0,1.0,1191.7,1195.0,1181.7,1185.0,296400.0
2025-07-22,7327,3565.0,3590.0,3525.0,3560.0,0,0,136400.0,484524000.0,1.0,1188.3,1196.7,1175.0,1186.7,409200.0
2025-07-23,7327,3600.0,3660.0,3550.0,3605.0,0,0,251300.0,906620500.0,1.0,1200.0,1220.0,1183.3,1201.7,753900.0
2025-07-24,7327,3660.0,3770.0,3660.0,3725.0,0,0,306700.0,1143871500.0,1.0,1220.0,1256.7,1220.0,1241.7,920100.0
2025-07-25,7327,3720.0,3780.0,3710.0,3745.0,0,0,334400.0,1252598000.0,1.0,1240.0,1260.0,1236.7,1248.3,1003200.0
2025-07-28,7327,3795.0,3795.0,3555.0,3560.0,0,0,488000.0,1777453000.0,1.0,1265.0,1265.0,1185.0,1186.7,1464000.0
2025-07-29,7327,3540.0,3660.0,3525.0,3640.0,0,0,358900.0,1296661500.0,1.0,1180.0,1220.0,1175.0,1213.3,1076700.0
2025-07-30,7327,3620.0,3650.0,3590.0,3625.0,0,0,161500.0,585860000.0,1.0,1206.7,1216.7,1196.7,1208.3,484500.0
2025-07-31,7327,3695.0,3735.0,3680.0,3720.0,0,0,310200.0,1150859500.0,1.0,1231.7,1245.0,1226.7,1240.0,930600.0
2025-08-01,7327,3710.0,3750.0,3685.0,3745.0,0,0,294500.0,1095745000.0,1.0,1236.7,1250.0,1228.3,1248.3,883500.0
2025-08-04,7327,3645.0,3715.0,3620.0,3715.0,0,0,314500.0,1154592500.0,1.0,1215.0,1238.3,1206.7,1238.3,943500.0
2025-08-05,7327,3735.0,3800.0,3705.0,3785.0,0,0,276000.0,1038809000.0,1.0,1245.0,1266.7,1235.0,1261.7,828000.0
2025-08-06,7327,3790.0,3830.0,3765.0,3805.0,0,0,185200.0,703939000.0,1.0,1263.3,1276.7,1255.0,1268.3,555600.0
2025-08-07,7327,3835.0,3950.0,3835.0,3950.0,0,0,243600.0,955144000.0,1.0,1278.3,1316.7,1278.3,1316.7,730800.0
2025-08-08,7327,3940.0,3980.0,3900.0,3925.0,0,0,235600.0,928717500.0,1.0,1313.3,1326.7,1300.0,1308.3,706800.0
2025-08-12,7327,3965.0,3965.0,3880.0,3885.0,0,0,299100.0,1166612000.0,1.0,1321.7,1321.7,1293.3,1295.0,897300.0
2025-08-13,7327,3885.0,3945.0,3865.0,3895.0,0,0,177800.0,694221000.0,1.0,1295.0,1315.0,1288.3,1298.3,533400.0
2025-08-14,7327,3880.0,3900.0,3825.0,3900.0,0,0,221900.0,858435500.0,1.0,1293.3,1300.0,1275.0,1300.0,665700.0
2025-08-15,7327,3930.0,3965.0,3900.0,3955.0,0,0,311200.0,1227160000.0,1.0,1310.0,1321.7,1300.0,1318.3,933600.0
2025-08-18,7327,3955.0,3955.0,3895.0,3915.0,0,0,195100.0,765226500.0,1.0,1318.3,1318.3,1298.3,1305.0,585300.0
2025-08-19,7327,3920.0,3925.0,3840.0,3850.0,0,0,235300.0,910194000.0,1.0,1306.7,1308.3,1280.0,1283.3,705900.0
2025-08-20,7327,3870.0,3910.0,3840.0,3880.0,0,0,147700.0,573611000.0,1.0,1290.0,1303.3,1280.0,1293.3,443100.0
2025-08-21,7327,3900.0,3905.0,3870.0,3895.0,0,0,122900.0,477960500.0,1.0,1300.0,1301.7,1290.0,1298.3,368700.0
2025-08-22,7327,3930.0,4000.0,3910.0,3990.0,0,0,244500.0,969771000.0,1.0,1310.0,1333.3,1303.3,1330.0,733500.0
2025-08-25,7327,4030.0,4035.0,3985.0,4010.0,0,0,178200.0,714797500.0,1.0,1343.3,1345.0,1328.3,1336.7,534600.0
2025-08-26,7327,4025.0,4045.0,3955.0,3995.0,0,0,214300.0,855916500.0,1.0,1341.7,1348.3,1318.3,1331.7,642900.0
2025-08-27,7327,4005.0,4010.0,3975.0,3990.0,0,0,171500.0,685051500.0,1.0,1335.0,1336.7,1325.0,1330.0,514500.0
2025-08-28,7327,3965.0,4005.0,3945.0,4000.0,0,0,165800.0,661017000.0,1.0,1321.7,1335.0,1315.0,1333.3,497400.0
2025-08-29,7327,3980.0,3990.0,3940.0,3980.0,0,0,174300.0,691995000.0,1.0,1326.7,1330.0,1313.3,1326.7,522900.0
2025-09-01,7327,4050.0,4150.0,4030.0,4070.0,0,0,461000.0,1886849500.0,1.0,1350.0,1383.3,1343.3,1356.7,1383000.0
2025-09-02,7327,4095.0,4200.0,4085.0,4175.0,0,0,320500.0,1331840500.0,1.0,1365.0,1400.0,1361.7,1391.7,961500.0
2025-09-03,7327,4175.0,4185.0,4010.0,4040.0,0,0,463000.0,1885376500.0,1.0,1391.7,1395.0,1336.7,1346.7,1389000.0
2025-09-04,7327,4040.0,4085.0,4030.0,4070.0,0,0,208800.0,848026500.0,1.0,1346.7,1361.7,1343.3,1356.7,626400.0
2025-09-05,7327,4070.0,4090.0,4035.0,4050.0,0,0,236100.0,958248500.0,1.0,1356.7,1363.3,1345.0,1350.0,708300.0
